0.000000000000000000e+00
4.609842884403382406e-04
1.853044679075910826e-03
5.753246167362580446e-03
2.758698425781693636e-02
5.015120382646069686e-02
5.091326534660649272e-02
1.342214557905523353e-01
7.300855235857152403e-02
1.119232823029332052e-01
1.253727455165561666e-01
6.190793123756423155e-02
2.360444586668015154e-01
8.135841465438768960e-01
8.595311543617005778e-01
9.522455633596658142e-01
9.930472911758511101e-01
9.867629026298887496e-01
9.847949887019905590e-01
9.852442912901806515e-01
9.835100165376506887e-01
9.829530933513759283e-01
9.826578936153131938e-01
9.823260748903577255e-01
9.819617171125691879e-01
9.814935182742449138e-01
9.808352443505861107e-01
9.800314588708720631e-01
9.793342590657719837e-01
9.790393971903341708e-01
