1.000000000000018430e+00
9.996522564507339670e-01
9.994502039408872385e-01
9.985565220755168170e-01
9.691470966702733225e-01
9.999204868487505671e-01
9.817597620539231240e-01
9.825758811515441504e-01
9.871972554471801775e-01
9.910466681516845178e-01
9.253577036269691192e-01
9.368201442055671402e-01
6.649925793125378570e-01
1.855078870106231792e-01
1.826564092406089412e-01
6.275739355745041381e-02
4.076662873283473654e-02
1.730972610466806685e-02
3.904374880748591459e-02
6.868328515365487719e-02
7.045823295570853573e-02
3.967106455772261009e-02
3.991582618538166288e-02
4.376553807450064837e-02
4.561185760489162855e-02
4.727092412963374707e-02
4.881829461422835387e-02
5.062772760061617222e-02
5.309531603790975524e-02
5.608496358600909004e-02
