0.000000000000000000e+00
3.477435492663517695e-04
5.497960591265302430e-04
1.443477924505705582e-03
3.085290332972361743e-02
7.951315124996775983e-05
1.824023794607616822e-02
1.742411884845561365e-02
1.280274455281161725e-02
8.953331848318500652e-03
7.464229637302804976e-02
6.317985579443546884e-02
3.350074206874612548e-01
8.144921129893769596e-01
8.173435907593878946e-01
9.372426064425498637e-01
9.592333712671654578e-01
9.826902738953322558e-01
9.609562511925141548e-01
9.313167148463454836e-01
9.295417670442909230e-01
9.603289354422770430e-01
9.600841738146195237e-01
9.562344619254977696e-01
9.543881423951073861e-01
9.527290758703653717e-01
9.511817053857705151e-01
9.493722723993816004e-01
9.469046839620847145e-01
9.439150364139896610e-01
