0.000000000000000000e+00
1.855561090862744341e-03
1.106494702683244631e-02
1.893635809230810596e-02
2.987018243370121937e-02
2.025353592887472326e-02
1.159404485206871546e-02
2.287274253211886779e-02
2.417696073504924797e-02
1.785182589126351610e-02
4.418146912471099252e-02
7.142373608038563026e-02
1.626907277428061849e-01
3.419721644971390750e-01
3.806547243467680586e-01
5.357424340320803280e-01
7.066742170849874549e-01
7.771816425728121924e-01
8.316578010000540422e-01
8.273386977730435854e-01
8.376562504078325366e-01
8.408654079191434372e-01
8.394190866029257458e-01
8.386983378347014906e-01
8.370491847187204737e-01
8.356150217492924748e-01
8.327149267986129200e-01
8.293644890272243719e-01
8.265532880073248601e-01
8.242758105279234249e-01
