nan
nan
1.991766418707040387e+01
1.830762898977780040e+01
1.591506263139514488e+01
1.349496513873681813e+01
1.991816265015509302e+01
1.742425911800192750e+01
1.512817606935020009e+01
1.930609873739549798e+01
2.153196293531416217e+01
2.519712141355876156e+01
2.244870919103614426e+01
1.751351165303312030e+01
1.134379449807844864e+01
1.823392352097204139e+01
2.073315267462795930e+01
1.296694452584726420e+01
9.898329474591776034e+00
8.245440388946787991e+00
4.808212135889950112e+00
4.412973853340176333e-01
1.382893386339492547e+00
2.941800010344458371e+00
3.545341276279949216e+00
2.484356282957352224e+00
2.528803633643875060e+00
7.157590720038475851e-02
4.947422156484870825e-01
4.426040973720457572e+00
