nan
nan
1.730528534483542202e+01
1.575806246719275450e+01
1.618226937464267934e+01
1.672420286657178323e+01
9.316065938574135785e+00
8.120619071497248598e+00
1.568130596593042014e+01
1.243395084248176019e+01
8.400391319411266267e+00
1.203953733206526699e+01
1.503659127950253627e+01
1.984607417250365202e+01
1.481288383117102114e+01
6.216137875900321852e+00
1.474529855962507341e+01
1.921998050040985362e+01
1.975112426129764742e+01
3.370199569527646588e+01
3.498024250503725341e+01
2.449733840637966154e+01
1.890546331407800906e+01
1.334270130041166169e+01
1.525442452624290013e+01
2.181891727862403485e+01
2.602330338358160589e+01
2.971138154960330624e+01
2.645744272016506926e+01
2.271979476167031109e+01
