nan
nan
1.557107962743432061e+01
1.483385467904328436e+01
9.923316507446184431e+00
8.530590230500429527e+00
1.235940974896945121e+01
9.638596641806142173e+00
8.675505870861641711e+00
1.511845852455029693e+01
1.613187964448064093e+01
1.920563305295769396e+01
1.606252081843002344e+01
1.089067162992098758e+01
5.914410187719991718e+00
1.267397357713365125e+01
1.500906724489895439e+01
7.110090990790747689e+00
4.938566244251153314e+00
3.126513341160733095e+00
1.064478413873689300e-01
-2.396088987173585760e+00
-1.504637689217596108e+00
-9.054503335245837059e-01
-6.199232089592833228e-01
-8.940196211531382664e-01
-1.413176356308844195e+00
-3.438961528952114488e+00
-2.751932064350026241e+00
-3.574936956389559439e-01
