1.000000000000008438e+00
9.995990684472757515e-01
9.996493696865849099e-01
9.933143756071337593e-01
9.872672615890383252e-01
9.918451505976541016e-01
9.947040986666104700e-01
9.876424100253921035e-01
9.957188485424707247e-01
9.886394615657744245e-01
9.727509267166293272e-01
9.572776645383179739e-01
8.975103557394970011e-01
7.851239017014929322e-01
7.370850728148250486e-01
6.004386303675460779e-01
3.999375908329684259e-01
3.035516274117266988e-01
2.470358094770172541e-01
2.508277187711598910e-01
2.410033901723770688e-01
2.394646920909670185e-01
2.423866223045381962e-01
2.441670428583063157e-01
2.465258186451810551e-01
2.484207184213941266e-01
2.517745199365962749e-01
2.556064837270231038e-01
2.590005511188276932e-01
2.619135138324515388e-01
