3.233769518063005055e+00
1.429042047356253731e+00
-3.023188136623652156e+00
-5.344211209498810344e-01
5.255294358112902131e+00
6.669985595343720597e+00
9.723810726997022869e+00
7.846568236759388526e+00
1.110697432919930705e+01
2.002661236885369789e+01
1.779518660151056153e+01
1.353700471466864563e+01
1.119261867746441297e+01
9.803178379071404436e+00
1.171055880592233578e+01
9.742188357729208548e+00
9.993766374881015935e+00
1.143434261817505160e+01
1.296941254136064892e+01
1.828548383666380062e+01
2.130078953529504915e+01
2.121096216507951127e+01
1.700631364030460446e+01
1.238541486401777902e+01
1.305485019195725371e+01
1.657479512490048634e+01
1.375497122535588801e+01
9.892197291077552634e+00
1.236226245424722237e+01
1.503430321253891044e+01
