6.689841370968730416e+01
5.044439223037475273e+01
2.857912994251646666e+01
2.177593056662865223e+01
2.208011745145132210e+01
1.022453105557242914e+01
2.132157734831662665e+01
4.467662657730200237e+01
2.662695410540137075e+01
8.085911930390988545e+00
6.747763775371789841e+00
9.351102067446314337e+00
1.078184577723330406e+01
1.141616114509275981e+01
1.461101281972321964e+01
1.607437447242234185e+01
1.644974138866487934e+01
1.494187343107842025e+01
1.324953087704801291e+01
1.435668590232626762e+01
1.580114116287181503e+01
1.612177646058848168e+01
1.700023654542588858e+01
1.736183218404185169e+01
1.153609614775935199e+01
7.460609363205669808e+00
1.352211023602260731e+01
1.862225657690956027e+01
1.517008157613643959e+01
1.202496409081248530e+01
