7.396701855899024736e+00
4.736932640183857401e+00
3.032594442280518443e-01
4.551828380424773890e+00
9.193191562429452901e+00
1.359124373240817008e+01
1.572121003569206898e+01
1.374773339053796306e+01
1.591506437579882238e+01
2.388735227730144572e+01
2.127933442049947388e+01
1.630408185957121958e+01
1.536136326112120010e+01
1.429508486971534253e+01
1.684185689387145857e+01
1.549058133366624190e+01
1.680776634881095788e+01
1.819942388974628145e+01
1.950872081002021474e+01
2.272202586354216436e+01
2.718809950782933527e+01
2.782771808226425136e+01
2.314836808070818464e+01
1.634010313794469127e+01
1.807252712154756935e+01
2.061652171237844300e+01
1.942202128711456055e+01
1.453996846991163494e+01
1.764966845019658592e+01
2.164270674833111840e+01
