3.570025424456328977e+00 4.746999415428069247e-01
3.599683644502615465e+00 4.408708801651879394e-01
3.622641439533961005e+00 4.147797176396029739e-01
3.638804623724197995e+00 3.964600834459932055e-01
3.643274458992440401e+00 3.913935627211815316e-01
3.085608503550290038e+00 2.714002025932077400e-01
-1.885912603157752443e+00 1.438350973698697584e-02
-8.177358647546673964e+00 1.438357872971101140e-02
-8.583745485975409650e+00 1.438357065193289312e-02
-8.585013623567503416e+00 1.438337021139568864e-02
-8.584355162873432477e+00 -1.561552994988179011e-01
-8.584450826864298278e+00 -1.432834108932052597e-01
