-2.857100775564935802e-02 -1.018102291853972829e-02
-1.999994367710367094e-01 -4.656806809244218304e-02
-1.999999986673266505e-01 -5.002272153209114114e-02
-1.999999994677914561e-01 -5.250215591974999318e-02
-1.999999999973571807e-01 -5.557825478188033186e-02
-1.999999999993613553e-01 -5.940745255944585024e-02
-1.999999998929009037e-01 -6.507207143506832381e-02
1.999999999841932941e-01 -6.159091707252099812e-02
1.999999999545373219e-01 -4.839498498964744932e-02
1.999999995334659220e-01 -4.236556488203380155e-02
1.999999993757374250e-01 -3.734952457366413903e-02
1.999999992558769701e-01 -3.307686051483615941e-02
