4.041809682352198507e+00 3.927562800261182319e-01
3.895995882689387457e+00 5.486092318486479602e-01
3.932014567574990238e+00 5.098258884447129935e-01
3.957105083743877927e+00 4.829206115877025529e-01
3.973694432660126452e+00 4.651811979160567767e-01
3.975900858310730257e+00 4.621631934136969377e-01
1.611051158506317194e+00 3.845118061083023786e-01
-4.564631980069110639e+00 3.845117980419284764e-01
-8.981738712921199408e+00 3.845118005319011489e-01
-9.185780277568635910e+00 3.845118531988037658e-01
-9.186389449578740596e+00 3.845116346303812382e-01
-9.185896054300123126e+00 2.377317617151710472e-01
