1.990953586699333755e+01 3.845117973307786707e-01
1.990953586699333755e+01 3.845117973307786707e-01
1.990953586699333755e+01 3.845117973307786707e-01
1.990953586699333755e+01 3.845117973307786707e-01
1.990953586699320965e+01 3.845117973307786707e-01
1.990952305393005162e+01 3.845117973307786707e-01
1.958649346433259453e+01 3.845117973307786707e-01
1.374043727054907471e+01 3.845117973307786707e-01
1.264833844508185834e+01 3.845117973307786707e-01
1.264334858167307729e+01 3.845117973307786707e-01
1.264334862758364153e+01 3.845117973307786707e-01
1.264334862760607692e+01 3.845117973307786707e-01
