-3.244148091966562397e+00 -3.568852074716020173e-01
-2.746409695291727182e+00 -3.472724125383328531e-01
-2.248671298616891079e+00 -3.376596176050634668e-01
-1.750932901942055198e+00 -3.280468226717940250e-01
-1.253194505267221537e+00 -3.184340277385242501e-01
-7.554561304155108514e-01 -3.088212050816440124e-01
-2.588351424943263757e-01 -2.969697558156404460e-01
1.627137855837316183e-01 -1.240998869557631418e-01
4.851103427024837100e-01 2.478351985451395234e-01
8.012099319289943677e-01 6.323958425115222548e-01
1.117293647053225758e+00 1.017008627020521860e+00
1.433377362743332828e+00 1.401621421953712865e+00
