0.000000000000000000e+00
7.506538846809351039e-03
1.060314759763731629e-01
1.038695076585157834e-01
5.075249581757312889e-02
9.323657847413908961e-03
2.057186236535001565e-03
8.757776178997932898e-03
2.063948116847372227e-01
2.875241517889687293e-02
1.092969552659500340e-02
8.761175942853360876e-03
2.917071391311269052e-02
2.744884406056934956e-01
4.110298332519112807e-01
3.541868393700160489e-01
6.860912555521500034e-01
7.240955594092806091e-01
7.498195670376012201e-01
7.813083036086806432e-01
7.735205996325510425e-01
7.632171096066338034e-01
7.608076072342848661e-01
7.653862967206170875e-01
7.690424847628415383e-01
7.692865130118371475e-01
7.679473978017919977e-01
7.648922694027129321e-01
7.610276607137667071e-01
7.581470895449983205e-01
