0.000000000000000000e+00
8.473060487273577829e-06
1.104025753596103829e-05
9.396486277283570192e-05
1.557645461211658354e-03
1.075410067103167028e-02
4.122127882811595090e-02
2.200834906694716653e-02
3.496716568578931567e-02
6.945255204598900500e-02
1.477267160170131488e-01
1.553529033479438271e-01
1.571402118964078665e-01
7.421955894200807924e-01
8.824876777280238338e-01
9.499637874212257804e-01
9.908679120942354146e-01
9.875369608533206556e-01
9.747015209036411498e-01
9.757358039212058465e-01
9.751678328583939237e-01
9.750416089329487779e-01
9.749236381788973782e-01
9.745534883239250767e-01
9.740669890000499542e-01
9.734417355543938388e-01
9.728063781182612058e-01
9.722639663439415214e-01
9.716405765169661146e-01
9.707043392632421774e-01
