-2.910727398134281607e+00 9.082317257529393117e-01
-2.399898006562327435e+00 9.309474075183726827e-01
-1.889071210142552859e+00 9.467008312178875062e-01
-1.378244306947036701e+00 9.668010522046395216e-01
-8.674174589108206712e-01 9.871909224915175196e-01
-3.565945812090275946e-01 1.008442490438942185e+00
-6.423036494209566349e-02 1.057586275395463682e+00
1.138536279662344108e-01 1.352714548792482541e+00
4.422827627027004493e-01 1.733924711658307638e+00
7.701049340522884146e-01 2.120875042084181761e+00
1.097926933547548778e+00 2.508091963190834495e+00
1.425748911455794410e+00 2.895344354261721431e+00
