-3.110724852072563884e+00 8.629369653260912099e-01
-2.599898003599726781e+00 8.800727144055551232e-01
-2.089071155126891455e+00 8.972084634850189255e-01
-1.578244306654055906e+00 9.143442125644830609e-01
-1.067417458181642020e+00 9.314799616443366626e-01
-5.565945801267091486e-01 9.486219177980637074e-01
-5.880795725012559483e-02 9.938413482210848304e-01
3.138536273625411321e-01 1.298958146760042398e+00
6.422827626762175335e-01 1.689710779317576517e+00
9.701049308216176392e-01 2.081845443245328831e+00
1.297926921093820241e+00 2.473981192296921261e+00
1.625748911373798178e+00 2.866116941376386951e+00
