2.043307393891344148e+01 6.854299631785677471e-01
2.043307393891344148e+01 6.854299631785677471e-01
2.043307393891344148e+01 6.854299631785677471e-01
2.043307393891344148e+01 6.854299631785677471e-01
2.043307393856851562e+01 6.854299631785677471e-01
2.043119061640124201e+01 6.854299631785677471e-01
1.804114357207323494e+01 6.854299631785677471e-01
1.325840640426999428e+01 6.854299631785677471e-01
1.311295785360153587e+01 6.854299631785677471e-01
1.311287960794725471e+01 6.854299631785677471e-01
1.311287961119906775e+01 6.854299631785677471e-01
1.311287961119907486e+01 6.854299631785677471e-01
