1.671633029963397732e+01 -1.492166050488309637e+00
1.669225667981385897e+01 -1.462428444168758723e+00
1.667546488328459731e+01 -1.441749831914745483e+00
1.666427135858161535e+01 -1.427994371442688148e+00
1.666223290163466331e+01 -1.425493570336546778e+00
1.682845135021610261e+01 -1.394212316140865715e+00
1.736481414044092375e+01 -9.721471046338627797e-01
2.080511590784397669e+01 -9.454224779062301298e-01
2.146321701685110028e+01 -1.042456026966266602e+00
2.146598229100406030e+01 -1.053026350888019991e+00
2.146533539290667747e+01 -1.066139373665712320e+00
2.146457626814043351e+01 -1.081315089725665368e+00
