2.791235493707606707e+00 3.293446916842428518e-01
2.815309113527725060e+00 2.996070853646919385e-01
2.832100910056986720e+00 2.789284731106786985e-01
2.843294434759968681e+00 2.651730126386213637e-01
2.845332859846610774e+00 2.626722115324799933e-01
2.666293846887910490e+00 2.313909573367989303e-01
-8.411780391077314789e-01 -1.906742541702040050e-01
-6.973684210417184559e+00 -2.173988808978366549e-01
-7.663589045003872613e+00 -1.203653318378001824e-01
-7.666353167696200899e+00 -1.097950079160467940e-01
-7.665706269422335239e+00 -9.668198513835446484e-02
-7.664947144656091282e+00 -8.150626907840141655e-02
