1.000000000000000000e+00
9.999736072949538812e-01
9.999651889913836467e-01
9.999907825027465336e-01
9.976188906474042772e-01
9.881970084709142954e-01
8.030599792145907134e-01
9.321996539382130242e-01
9.834478537773931883e-01
9.727162888012298447e-01
9.655129255100504126e-01
8.718439249175448102e-01
7.940808883947518826e-01
8.226731615358096050e-01
7.290060821148854897e-01
5.786151319609174060e-01
1.547086846524896309e-01
1.674499014783326356e-01
1.596994496361135996e-01
1.273726684292944555e-01
1.034715793012179197e-01
9.869340709156290692e-02
9.407679848949720980e-02
9.234687426535781452e-02
9.281977785567059602e-02
9.534589582764271820e-02
9.975733346796018808e-02
1.051594429318543633e-01
1.099479562553183631e-01
1.130936555784187725e-01
