0.000000000000000000e+00
2.639270504663782305e-05
3.481100861675964542e-05
9.217497253679809519e-06
2.381109352595188466e-03
1.180299152908562653e-02
1.969400207854104801e-01
6.780034606178672596e-02
1.655214622260649249e-02
2.728371119876868423e-02
3.448707448994912245e-02
1.281560750824560224e-01
2.059191116052504489e-01
1.773268384641904227e-01
2.709939178851140107e-01
4.213848680390831491e-01
8.452913153475101193e-01
8.325500985216671701e-01
8.403005503638865115e-01
8.726273315707060441e-01
8.965284206987826909e-01
9.013065929084370653e-01
9.059232015105018743e-01
9.076531257346425186e-01
9.071802221443295844e-01
9.046541041723495935e-01
9.002426665320355514e-01
8.948405570681433607e-01
8.900520437446761690e-01
8.869063444215914416e-01
