0.000000000000000000e+00
9.408006583260270384e-04
2.486783812435102489e-03
8.793028055118532610e-03
2.857151541259643924e-03
2.986525148677299929e-03
9.264005906506474989e-04
7.386103126934227001e-04
2.572078250232638641e-03
7.877683025133133329e-03
6.060720493895181693e-02
2.373479974675102994e-02
1.655083256461553284e-02
3.970377272374129435e-02
2.287419989572182788e-02
3.186921320547112524e-01
7.467268051025056641e-01
6.079467143380465899e-01
8.022806975012629627e-01
8.641892414884404516e-01
9.737689577728603219e-01
9.786012512296348165e-01
9.782798504720953137e-01
9.769612749342395652e-01
9.767013059507845263e-01
9.742390472838806659e-01
9.714274996905772896e-01
9.705100610302270780e-01
9.699433201477747346e-01
9.680901892754442128e-01
