1.000000000000043965e+00
9.990591993416583216e-01
9.975132161875674974e-01
9.912069719448843852e-01
9.971428484587685492e-01
9.970134748513117540e-01
9.990735994093500327e-01
9.992613896873068224e-01
9.974279217497682426e-01
9.921223169748660808e-01
9.393927950610468924e-01
9.762652002532525852e-01
9.834491674353864621e-01
9.602962272762611828e-01
9.771258001042797403e-01
6.813078679452898578e-01
2.532731948974935587e-01
3.920532856619536322e-01
1.977193024987379810e-01
1.358107585115606586e-01
2.623104222714414679e-02
2.139874877036413575e-02
2.172014952790372877e-02
2.303872506575452631e-02
2.329869404922804005e-02
2.576095271611409179e-02
2.857250030943242827e-02
2.948993896977501403e-02
3.005667985221819119e-02
3.190981072455861822e-02
