1.661852446324922639e+01 -4.603164368005701057e-01
1.658886624320293990e+01 -4.264873754229511205e-01
1.656590844817159436e+01 -4.003962128973661549e-01
1.654974526398135737e+01 -3.820765787037563865e-01
1.654527521750543784e+01 -3.770100579789447126e-01
1.705372049905731657e+01 -2.570166978509709210e-01
1.746732804399670513e+01 -4.994750157997359996e-09
2.168767182891274459e+01 -7.398747419355110307e-08
2.207989466531185840e+01 -6.590969607547098793e-08
2.208116275675493512e+01 1.345308411278436168e-07
2.208050429609517096e+01 1.705388042410547200e-01
2.208059996008603676e+01 1.576669156354420787e-01
