-2.707204107358931466e+00 5.264999833102856908e-01
-2.202482561311167597e+00 5.349472743312801981e-01
-1.697768813350407635e+00 5.382562258035058500e-01
-1.193055066244881779e+00 5.419407855557644149e-01
-6.883413192745400089e-01 5.461960810627832785e-01
-1.837628226619451854e-01 5.512466501288784126e-01
-1.198143473549898447e-01 6.452587492227276345e-01
2.310255953223726011e-01 9.799148382264446511e-01
5.684753212023221369e-01 1.347908339046278048e+00
9.058790571438961603e-01 1.718005874194918459e+00
1.243282777032177933e+00 2.088579907057601659e+00
1.580686506848653972e+00 2.460682048596304128e+00
