-1.999922003708185514e-01 -4.345619492799795980e-02
-1.999999992259424708e-01 -5.154389833043671043e-02
-1.999999999940615947e-01 -5.449326218410655009e-02
-1.999999999069475010e-01 -5.781823431780896971e-02
-1.999999999937327466e-01 -6.171394185369588614e-02
-1.999999999994212241e-01 -6.614557518249153389e-02
1.999999997037517907e-01 -6.553654368306105482e-02
1.999999999001554341e-01 -5.421936722753373239e-02
1.999999999993478106e-01 -4.700650520517402065e-02
1.999999913901333581e-01 -4.174448013507103816e-02
1.999999998323296335e-01 -3.695892537931655397e-02
1.999999983463975894e-01 -3.370147929946432086e-02
