2.018854988770555536e+01 1.438350474223681723e-02
2.018854988770555536e+01 1.438350474223681723e-02
2.018854988770555536e+01 1.438350474223681723e-02
2.018854988770555536e+01 1.438350474223681723e-02
2.018854967649787824e+01 1.438350474223681723e-02
2.013932900260760661e+01 1.438350474223681723e-02
1.558141544083895269e+01 1.438350474223681723e-02
1.351031318136607062e+01 1.438350474223681723e-02
1.349614917933644875e+01 1.438350474223681723e-02
1.349614913318743170e+01 1.438350474223681723e-02
1.349614913322173848e+01 1.438350474223681723e-02
1.349614913322173848e+01 1.438350474223681723e-02
