-2.907196307729750018e+00 4.830437883822877310e-01
-2.402482560537110068e+00 4.834033760008434877e-01
-1.897768813344469230e+00 4.837629636193992999e-01
-1.393055066151829280e+00 4.841225512379554452e-01
-8.883413192682727555e-01 4.844821392090873924e-01
-3.837628226613664095e-01 4.851010749463868788e-01
8.018565234876194603e-02 5.797222055396665796e-01
4.310255952225280351e-01 9.256954709989109187e-01
7.684753212016699475e-01 1.300901833841104027e+00
1.105879048534029518e+00 1.676261394059847420e+00
1.443282776864507566e+00 2.051620981678285105e+00
1.780686505195051561e+00 2.426980569296839807e+00
