-3.632988129126370147e+00 -6.963058103348479522e-01
-3.126447984727160456e+00 -7.151967892809850680e-01
-2.459408903698607318e+00 -7.133733018755764599e-01
-1.954841271234804667e+00 -7.495758961228147221e-01
-1.450273638882245697e+00 -7.858209794934137848e-01
-9.457060064355666817e-01 -8.221015741686356071e-01
-4.411388019864240784e-01 -8.585048003454914811e-01
-1.440566973272958129e-02 -8.868564931779669980e-01
8.170204610239634180e-02 -6.842364122513870939e-01
4.626126420902969549e-01 -3.609642447794899622e-01
8.430342240498669426e-01 -3.466484966288858882e-02
1.223455822672046223e+00 2.928321953171894032e-01
