1.694299613295633833e+01 -7.533401552152509950e-01
1.650952810437083684e+01 -2.532065700585257040e-01
1.782275346266214910e+01 -1.870571463177080895e+00
1.780742823176305833e+01 -1.849793367973883607e+00
1.779595984665790098e+01 -1.834277542401433925e+00
1.779156522473058644e+01 -1.828339466597835195e+00
1.780079106929890642e+01 -1.833958317716110953e+00
1.960068544585531569e+01 -1.525122674263392097e+00
2.068658377139899329e+01 -1.371608715958701596e+00
2.207289596222150863e+01 -1.548518754957181498e+00
2.208180527683168037e+01 -1.557651256889502234e+00
2.208093568966403453e+01 -1.569940687837601878e+00
