-3.555603921310179771e-02 4.222742298175874431e-03
-3.752855122810316857e-02 -1.789574149512862533e-02
-1.999999998724457662e-01 -6.072869163997796083e-02
-1.999999999520365446e-01 -6.553556013218053700e-02
-1.999999999203847523e-01 -7.029993950102231270e-02
-1.999999999828687702e-01 -7.502880756522756212e-02
-1.999999999994418465e-01 -7.963431706192924953e-02
-1.262098650045225257e-01 -8.107839785036652369e-02
1.999999999979151788e-01 -7.888163854593333024e-02
1.999999999948846030e-01 -7.018594163467944957e-02
1.999999999916941551e-01 -6.249533725597589129e-02
1.999999999990969002e-01 -5.600184497690058327e-02
