2.018270529536839319e+01 -1.640378509577642419e+00
2.018270529536839319e+01 -1.640378509577642419e+00
2.018270529536839319e+01 -1.640378509577642419e+00
2.018270529536839319e+01 -1.640378509577642419e+00
2.018270529536839319e+01 -1.640378509577642419e+00
2.018270529535512736e+01 -1.640378509577642419e+00
2.018248375475697642e+01 -1.640378509577642419e+00
1.927422106014889636e+01 -1.640378509577642419e+00
1.535030906840942855e+01 -1.640378509577642419e+00
1.521686487741783544e+01 -1.640378509577642419e+00
1.521686394481528559e+01 -1.640378509577642419e+00
1.521686394521127994e+01 -1.640378509577642419e+00
