-3.346380349731727932e+00 2.902807333518653832e-01
-2.693879963225449536e+00 3.343861121807918946e-01
-2.222822527781080026e+00 3.127372040339548853e-01
-1.751765372335089443e+00 2.900389871238931994e-01
-1.280708224093082714e+00 2.679981822638979327e-01
-8.096510758379817929e-01 2.462925538841177486e-01
-3.386000428212985192e-01 2.249413012186795569e-01
-4.659633959167910899e-02 2.248797994157715752e-01
8.233049302271053249e-02 4.641640652932657596e-01
4.001854799651365369e-01 8.020308849275793461e-01
7.172323973187457735e-01 1.144993631909900555e+00
1.034279041968958923e+00 1.488973566482328259e+00
