1.506913442705790018e+01 -5.429313871328665941e-01
1.584886537760357506e+01 -1.402238732037968116e+00
1.582454033587965014e+01 -1.373937897690042265e+00
1.580636510943569206e+01 -1.352858640539265522e+00
1.579280745118127172e+01 -1.337171666605692977e+00
1.578832744362541973e+01 -1.331995435154639695e+00
1.583781046702447348e+01 -1.327445226281966928e+00
1.746536180322374676e+01 -8.813817694923463675e-01
1.922391854234234287e+01 -6.713547324097348667e-01
2.083090578341123589e+01 -8.851735406787140104e-01
2.086327191341935006e+01 -8.989922480991194842e-01
2.086277811454311504e+01 -9.111172013738502162e-01
