3.773151501293732224e+00 -4.836679758767664650e-01
2.993420550748057352e+00 3.756393690283350573e-01
3.017745592471982263e+00 3.473385346804092055e-01
3.035920818915940345e+00 3.262592775296324632e-01
3.049478477170360691e+00 3.105723035960599177e-01
3.053958481636232847e+00 3.053960721450066362e-01
3.001880910942256619e+00 3.008458632723338688e-01
-4.374738036652665585e-01 -1.452175935172866916e-01
-6.360487429919270852e+00 -3.552446305998981924e-01
-8.148906162243651607e+00 -1.414258223309190488e-01
-8.181406151147045946e+00 -1.276071149105135749e-01
-8.180912325311631150e+00 -1.154821616357828429e-01
