-3.364936816874486425e+00 3.033761407696553558e-01
-2.893879668665695348e+00 2.777111566944146515e-01
-2.422822520456906048e+00 2.520461726191737806e-01
-1.951765372248113639e+00 2.263811885439329374e-01
-1.480708224039323007e+00 2.007162044686919555e-01
-1.009651075834860912e+00 1.750512203977071524e-01
-5.386000427868987694e-01 1.493965839868965917e-01
-7.776051934797548193e-02 1.486039520098421385e-01
2.823304930225524201e-01 3.949887443875847448e-01
6.001854799638737248e-01 7.419304223386824493e-01
9.172323973061087266e-01 1.091262055099530670e+00
1.234279041968834534e+00 1.440597070822615011e+00
