1.662795363605924948e+01 -2.898217642731885479e-05
1.662792821954776201e+01 -8.071983427420069988e-07
1.662792752279240460e+01 -3.482546886628464903e-08
1.662793205105912620e+01 -2.714356557406942741e-09
1.719837549122138753e+01 -6.940591396973862660e-09
1.780754934432363612e+01 -2.489552089809989432e-10
2.191116391568832711e+01 -4.987248993895437903e-09
2.239115174038729705e+01 -1.122275832768238306e-09
2.239392650039139454e+01 2.056091091547577932e-08
2.236557154643212186e+01 1.126579806275064266e+00
2.235653276777852483e+01 1.293605527866861449e+00
2.235701670598841417e+01 1.285214638353300964e+00
