-2.242772289582533052e+00 -2.606633351058510462e-01
-1.730224300345770905e+00 -2.293447479900666275e-01
-1.217676717615159276e+00 -1.993697528648396555e-01
-7.051291440490559115e-01 -1.690179093799756838e-01
-1.927042092140894558e-01 -1.371048278941482956e-01
-1.245708445230816752e-01 -1.844618997144233108e-02
2.123195439413957941e-01 3.376355655659858401e-01
5.316132576317698089e-01 7.323584790780791609e-01
8.508092732496526089e-01 1.129375571932794697e+00
1.276494439564821892e+00 1.525031524350758838e+00
1.489201289573702791e+00 1.923860667034478444e+00
1.808397298325994607e+00 2.324008177717083345e+00
