-1.999995738121320699e-01 -4.468624544651900177e-02
-1.999999897939233051e-01 -4.907960160710164721e-02
-1.999999992695618012e-01 -5.212936577712695696e-02
-1.999999997596492163e-01 -5.555597811459578317e-02
-1.999999997265903551e-01 -6.032844883526330970e-02
1.999999997549523623e-01 -6.062045355411262160e-02
1.999999998789484534e-01 -4.652978380354849675e-02
1.999999992211760613e-01 -3.956292132370475834e-02
1.999999999798418582e-01 -3.465487196239513956e-02
9.351084183653468607e-02 -2.838559342638347083e-02
1.999999999999986233e-01 -2.528950515490135942e-02
1.999999994200505338e-01 -2.351178488230276642e-02
