2.050190293019888443e+01 1.077009238208064490e+00
2.050190293019888443e+01 1.077009238208064490e+00
2.050190293019888443e+01 1.077009238208064490e+00
2.050190280373045226e+01 1.077009238208064490e+00
2.045573253271680514e+01 1.077009238208064490e+00
1.535783088501042393e+01 1.077009238208064490e+00
1.279479615066623488e+01 1.077009238208064490e+00
1.276784487864820683e+01 1.077009238208064490e+00
1.276784032667224089e+01 1.077009238208064490e+00
1.276784032689378989e+01 1.077009238208064490e+00
1.276784032689378989e+01 1.077009238208064490e+00
1.276784032689378989e+01 1.077009238208064490e+00
