-2.442771863394665122e+00 -3.053495805523700479e-01
-1.930224290139694210e+00 -2.784243495971682747e-01
-1.417676716884721078e+00 -2.514991186419666125e-01
-9.051291438087051278e-01 -2.245738874945714669e-01
-3.927042089406798109e-01 -1.974332767294116053e-01
7.542915523187068705e-02 -7.906664352555495268e-02
4.123195438203442476e-01 2.911057817624373434e-01
7.316132568529458702e-01 6.927955577543744026e-01
1.050809273229494467e+00 1.094720699970399558e+00
1.370005281401356578e+00 1.496645930924375367e+00
1.689201289573701414e+00 1.898571161879577085e+00
2.008397297746045140e+00 2.300496392834780579e+00
