-2.400386305985799940e+00 3.736942590513389062e-01
-1.876584843247325773e+00 3.781297557035795953e-01
-1.352783378321541274e+00 3.832596545666705490e-01
-8.289819144979234666e-01 3.888810416424496319e-01
-3.051918222983286411e-01 3.951599011314021470e-01
-1.044846434329282370e-01 4.455043503359386037e-01
1.870012934767146806e-01 7.578270367121431317e-01
5.510278794951622983e-01 1.126075459889434471e+00
9.149494684607608619e-01 1.497061288875431107e+00
1.278871054419480568e+00 1.868697516882353193e+00
1.642792642221941879e+00 2.242042385646838110e+00
2.006714230251238185e+00 2.616459176362911254e+00
