1.744494765197158159e+01 -3.484677886785730316e-01
1.742349470792692756e+01 -3.229625985943460065e-01
1.740598003891985002e+01 -3.021956196123654070e-01
1.739854310836636131e+01 -2.933930558066643601e-01
1.749222606716352857e+01 -2.773614783572045939e-01
1.852154163224790295e+01 -1.699650928445631744e-08
2.215388387115983093e+01 -1.120790931537562599e-08
2.277962849138394930e+01 -1.553318934520672410e-08
2.278143084198214652e+01 1.351346317158343301e-07
2.278036887755990492e+01 2.199739115890621544e-01
2.278049100823236728e+01 2.069399510136506193e-01
2.278060690042598679e+01 1.937626582836574352e-01
