1.803756732866094836e+01 -1.058919470295883070e+00
1.802888935606256737e+01 -1.047698754021761491e+00
1.801191213384516132e+01 -1.025788653583571852e+00
1.800132409439085635e+01 -1.012151976793250752e+00
1.800075593910904814e+01 -1.011408419884321841e+00
1.873925427661747634e+01 -8.639504427803628150e-01
1.931439166780843308e+01 -4.004177238540069794e-01
2.269266589038375770e+01 -6.016932743018964524e-01
2.278858690523574992e+01 -6.215628967785209458e-01
2.278829902491605353e+01 -6.332369372921630157e-01
2.278790602350117211e+01 -6.472252589432088143e-01
2.278745635475911868e+01 -6.628682762685758068e-01
