-2.755912073271247653e+00 5.916204600145934522e-01
-2.232013437332971861e+00 5.777250784961371899e-01
-1.708115364689426929e+00 5.631588659770259131e-01
-1.184217292036409575e+00 5.487130584938894051e-01
-6.603192201229920455e-01 5.345033075552859669e-01
-1.366845450184545341e-01 5.205000222163121970e-01
-6.064287096164333590e-02 6.287903006095694192e-01
3.287290747332545227e-01 9.622719820896112886e-01
7.132258088243734750e-01 1.311185858393230541e+00
1.097720244714158522e+00 1.661501375505556322e+00
1.482214680780538973e+00 2.013006129726980120e+00
1.866709116940518332e+00 2.365985810526550104e+00
