-2.955911509865281506e+00 5.405240054664856020e-01
-2.432013437250254206e+00 5.218682977593495087e-01
-1.908115364635224909e+00 5.032125900522133044e-01
-1.384217292020196721e+00 4.845568823450770446e-01
-8.603192201037584974e-01 4.659011755305204616e-01
-3.366845450171144227e-01 4.478350852188053843e-01
1.393571290311919897e-01 5.577560114742050601e-01
5.287290747330347651e-01 9.000262891703040280e-01
9.132258088213517366e-01 1.256354602278339616e+00
1.297720244714130500e+00 1.612698894379222647e+00
1.682214680655838457e+00 1.969043186672087220e+00
2.066709116597546636e+00 2.325387478964954013e+00
