9.999999999999994449e-01
9.999998149208877418e-01
9.999995232027917291e-01
9.999851360429836689e-01
9.990491172718712898e-01
9.984052629480109076e-01
9.925197259264598726e-01
9.949792005974582576e-01
9.484271842485393345e-01
9.518274002857877170e-01
9.741196927258506388e-01
9.560523631170129155e-01
9.380657191208493506e-01
9.121983383720029259e-01
9.167835871307343787e-01
9.448405566461027805e-01
5.909733595915360738e-01
1.812568007547645244e-01
2.001343804176270169e-01
2.741530075402617284e-01
2.125039666478496792e-01
1.537415010764294210e-01
1.259358032944471462e-01
1.087926146652453685e-01
1.112882022715976360e-01
1.150795923523525721e-01
1.181032841825080948e-01
1.168793893651464827e-01
1.219396621993439761e-01
1.255600242597516569e-01
