-2.712061197717791305e+00 2.798059480873055782e-01
-2.203566446023888403e+00 2.938113193147080526e-01
-1.695078725241061735e+00 3.080075930710454712e-01
-1.186591005474431304e+00 3.222182076170225784e-01
-6.781032862445818266e-01 3.372175394327076026e-01
-1.697937747883797310e-01 3.539909020889377977e-01
-1.078939980208508259e-01 4.678769998624873194e-01
2.361131055052833050e-01 8.150647846235880012e-01
5.670904213215138823e-01 1.194091969689704769e+00
8.980205411083579392e-01 1.575205005603674380e+00
1.228950671491943369e+00 1.956909162533091884e+00
1.559880801399552652e+00 2.339131923626666776e+00
