-1.999929670519544622e-01 -4.549463237093873125e-02
-1.999999989807523804e-01 -4.827332348323903899e-02
-1.999999999984742871e-01 -5.124291712447437419e-02
-1.999999999999992895e-01 -5.422685155534900936e-02
-1.999999999052954891e-01 -5.799950275631565733e-02
-1.999999999494409819e-01 -6.321177704423902588e-02
1.999999998426310877e-01 -6.334647582135793931e-02
1.999999996811743785e-01 -5.075826127982274727e-02
1.999999893701392972e-01 -4.369958353459990619e-02
1.999999996964050286e-01 -3.858596849290640840e-02
1.999999994997934127e-01 -3.406344530739024989e-02
1.999999997792440976e-01 -3.005952628586161524e-02
