-2.912054164769745768e+00 2.343113157163668470e-01
-2.403566445004640784e+00 2.455379958314690136e-01
-1.895078725239536022e+00 2.567646759465710971e-01
-1.386591005474430593e+00 2.679913560616735690e-01
-8.781032861498773157e-01 2.792180366763919452e-01
-3.697937747378207130e-01 2.907791250446987719e-01
9.210600182178026174e-02 4.045305240411293801e-01
4.361131051864576835e-01 7.643065233437652539e-01
7.670904106916531795e-01 1.150392386155104862e+00
1.098020540804762968e+00 1.536619037110767971e+00
1.428950670991736782e+00 1.922845717225701634e+00
1.759880801178796750e+00 2.309072397340805161e+00
