1.000000000000007994e+00
9.999986846184789613e-01
9.998122571409311377e-01
9.970314625005792797e-01
9.983536681492125586e-01
9.830229858343739746e-01
9.944600927143549818e-01
9.406781772826624533e-01
9.954350857458234003e-01
9.962280068584794535e-01
9.614496894342162703e-01
9.698620820253064378e-01
9.730642199103207712e-01
9.709023584754882252e-01
9.644364007465761057e-01
9.749645520434285784e-01
9.601990435403660040e-01
4.359253998615892356e-01
8.119678809047649326e-02
1.430730190605618013e-01
1.608526545922616124e-01
1.043124349099304737e-01
1.125829836406465057e-01
1.309502319996155850e-01
1.354163629347370223e-01
1.322597393230386387e-01
1.474719673764815497e-01
1.678321620851664919e-01
1.692379876496192259e-01
1.677121417186761554e-01
