0.000000000000000000e+00
1.315381498274653131e-06
1.877428590400866972e-04
2.968537499387883735e-03
1.646331850682695736e-03
1.697701416562592477e-02
5.539907285645519555e-03
5.932182271733833778e-02
4.564914254176411466e-03
3.771993141521667609e-03
3.855031056578391013e-02
3.013791797469228539e-02
2.693578008968167820e-02
2.909764152451247560e-02
3.556359925342401224e-02
2.503544795657081448e-02
3.980095645963337148e-02
5.640746001384104868e-01
9.188032119095226324e-01
8.569269809394293169e-01
8.391473454077542637e-01
8.956875650900613106e-01
8.874170163593541050e-01
8.690497680003955727e-01
8.645836370652613123e-01
8.677402606769695215e-01
8.525280326235242789e-01
8.321678379148290672e-01
8.307620123503811627e-01
8.322878582813234560e-01
