-2.426163673326420245e+00 -4.429179031482731177e-01
-1.912324997828580786e+00 -4.379190967745114071e-01
-1.398486323068000026e+00 -4.330875850366017743e-01
-8.846476489890113815e-01 -4.276560236232727075e-01
-3.708116563608120919e-01 -4.215409749316771926e-01
-4.517105370365986222e-02 -3.920532508471972766e-01
1.218867070680745013e-01 -1.123988866543616794e-01
4.717247195013737349e-01 2.537154259343977758e-01
8.211501950286962392e-01 6.250391106448198730e-01
1.170575671761205250e+00 9.969697820910665698e-01
1.520001073816947601e+00 1.369414325783883335e+00
1.869426513610564555e+00 1.743590956587853791e+00
