1.698498189759588328e+01 -3.725073214077556094e-01
1.696082726567697208e+01 -3.445064706848551261e-01
1.694181264818491783e+01 -3.225296349224006098e-01
1.693245151631175105e+01 -3.117313329235603114e-01
1.696495795808507268e+01 -3.090525300673206965e-01
1.888218416248683340e+01 -4.257531634329572413e-09
2.121183389168237099e+01 -3.332108051039393575e-09
2.240622726524714636e+01 -1.171807161270188350e-08
2.241546520493906058e+01 -5.041116991840019610e-08
2.241546498838088652e+01 9.026542191451967373e-03
2.241443346375007550e+01 2.152315569706071685e-01
2.241455459660400251e+01 2.022235393159880767e-01
