-1.999999979013664664e-01 -4.959205483895068323e-02
-1.999999993192693726e-01 -5.284813426094653321e-02
-1.999999999999129141e-01 -5.593691904709047202e-02
-1.999999999991675104e-01 -5.962575350846383015e-02
-1.999999999968175568e-01 -6.399371337014958527e-02
-2.267417342366483818e-02 -6.646370579572580262e-02
1.999999993565782785e-01 -5.869092815397194962e-02
1.999999999218670110e-01 -4.919707697534675406e-02
1.999999997980318467e-01 -4.377848965237185475e-02
1.999999625593589236e-01 -3.896643415050748960e-02
1.999999999988610888e-01 -3.466825089155922690e-02
1.999999997004895391e-01 -3.210215474376454381e-02
