-2.626163671227786711e+00 -4.925099579872238009e-01
-2.112324997147850159e+00 -4.907672310354579404e-01
-1.598486323067912940e+00 -4.890245040836922463e-01
-1.084647648988178892e+00 -4.872817771317365376e-01
-5.708116563576296487e-01 -4.855346883018267778e-01
-6.784522712732470040e-02 -4.585169566429230792e-01
3.218867064246527798e-01 -1.710898148083336290e-01
6.717247194232407459e-01 2.045183489590510217e-01
1.021150194826728086e+00 5.812606209924480183e-01
1.370575634320564173e+00 9.580033479405590802e-01
1.720001073815808690e+00 1.334746074892324108e+00
2.069426513311054094e+00 1.711488801844089247e+00
