9.166100302929082645e-09
5.028969123610970590e-08
1.247997796854096888e-07
2.997623636496925092e-07
6.968857808950263967e-07
1.568003891612327203e-06
3.414390821493119636e-06
7.195103833432300816e-06
1.467217784049250305e-05
2.895075418322189489e-05
5.527206395291269013e-05
1.020947942181017688e-04
1.824418341196668480e-04
3.153831388973649358e-04
5.273705000597978107e-04
8.529563743728621212e-04
1.334265610985711087e-03
2.018524585277507288e-03
2.953079635814305666e-03
4.177730078359585472e-03
5.714870816999826665e-03
7.558795736376511080e-03
9.666505787326664517e-03
1.195531389161578334e-02
1.433041631971555124e-02
1.682592098391500618e-02
1.993186390717911760e-02
2.442384967842566729e-02
2.867865833147004509e-02
2.911948514465044491e-02
2.821344245673818377e-02
2.621308486360523354e-02
2.135968800946441010e-02
1.561555647067735739e-02
1.127382394718733430e-02
8.554190232793216705e-03
6.941771330594096595e-03
5.945498092788466596e-03
5.246942193135187629e-03
4.672122409323459583e-03
4.142077730728055407e-03
3.631358382635329132e-03
3.139223255669203270e-03
2.673237479807746668e-03
2.241751780313074299e-03
1.851171244168956518e-03
1.505284593921305545e-03
1.205358644728184809e-03
9.505083732774613232e-04
7.381738122117986398e-04
5.646421396566505754e-04
4.258487271044587743e-04
3.165279465561538115e-04
2.313432183342343021e-04
1.665683579450850525e-04
1.181543940766732108e-04
8.257720355494349584e-05
5.686628714823243859e-05
3.858915790597396069e-05
2.580609049069522193e-05
