-3.949221153881454782e-02 4.753097459728077077e-04
-1.999957001881873531e-01 -5.090041818641806437e-02
-1.999998542258527578e-01 -4.798578561529719816e-02
-1.999996367842360456e-01 -5.229553346603423025e-02
-1.999997154718453629e-01 -4.974354527936168668e-02
-1.999998058670788836e-01 -5.152579573928416090e-02
-1.999999952734548003e-01 -5.160836255913716503e-02
-1.999999930047478003e-01 -5.256722570657056809e-02
-1.999999977984727728e-01 -5.307858449156242775e-02
-1.999999997777330840e-01 -5.343643326283793737e-02
-1.999999987795317846e-01 -5.404711056506002892e-02
-1.999999996994665796e-01 -5.469003008661450088e-02
-1.999999997630048654e-01 -5.539536512793220846e-02
-1.999999999985475618e-01 -5.590890497585675190e-02
-1.999999999941395323e-01 -5.653560147729772695e-02
-1.999999998692181258e-01 -5.726146908301938537e-02
-1.999999999403840878e-01 -5.789785598041335274e-02
-1.999999999442003684e-01 -5.863209479792841350e-02
-1.999999999645121207e-01 -5.934945245915167894e-02
-1.999999999480339685e-01 -6.012027873029875819e-02
-1.999999999549741947e-01 -6.089466451191116042e-02
-1.999999999990235144e-01 -6.173556406631552917e-02
-1.999999999913251170e-01 -6.258724260697923203e-02
-1.999999999997802425e-01 -6.346865958597057433e-02
-1.999999999954043539e-01 -6.436910907092251166e-02
-1.999999999985141441e-01 -6.530300939066152610e-02
-1.999999999807131057e-01 -6.617078809843242315e-02
-1.999999999980234533e-01 -6.673275378517116996e-02
-1.999999988235270088e-01 -6.706751810505415246e-02
-9.250139158464854017e-02 -6.708836723552216719e-02
7.062371746710358056e-02 -6.643544631488382257e-02
1.999999856435902834e-01 -6.565080216735397212e-02
1.999999998601128537e-01 -6.464951214986022765e-02
1.999999999752873903e-01 -6.266082837249056792e-02
1.999999999149454644e-01 -5.998438426975344351e-02
1.999999957059371281e-01 -5.687464337942138570e-02
1.999999988532671635e-01 -5.444404371971683920e-02
1.999999842586235310e-01 -5.241439697912692042e-02
1.999999999557906527e-01 -5.092268655389453613e-02
1.999999858705272526e-01 -4.940079692899923547e-02
1.999999874429546076e-01 -4.817434306250323317e-02
1.999999998466701623e-01 -4.668132435476712860e-02
1.999999749401527582e-01 -4.590359523948284171e-02
1.999999975811117547e-01 -4.458802239270975853e-02
1.999999972804996640e-01 -4.372649002397577256e-02
1.999999652499826475e-01 -4.280722224377053742e-02
1.999999791420059569e-01 -4.215713955740119090e-02
1.999999916787478238e-01 -4.078839306643078366e-02
1.999999733512440869e-01 -3.943098509132414442e-02
1.999999566214669677e-01 -3.858916215988306142e-02
1.999999242643810682e-01 -3.865369263976137226e-02
1.999999997678765240e-01 -3.761153268017469742e-02
1.999999995777885786e-01 -3.626684358315501733e-02
1.999999995969730104e-01 -3.556528921366597373e-02
1.999999999874415568e-01 -3.494117256288631346e-02
1.999999993752037408e-01 -3.415939078013430219e-02
1.999999997348060887e-01 -3.362062144824817800e-02
1.999999994777625911e-01 -3.328979891314243211e-02
1.999999999837551723e-01 -3.254300309523472379e-02
1.999999966022347753e-01 -3.225893893806208723e-02
