-3.000000000000000000e+00 0.000000000000000000e+00
-2.899999999999999467e+00 0.000000000000000000e+00
-2.800000000000002931e+00 0.000000000000000000e+00
-2.700000000000001510e+00 0.000000000000000000e+00
-2.600000000000000533e+00 0.000000000000000000e+00
-2.499999999999998224e+00 0.000000000000000000e+00
-2.399999999999998135e+00 0.000000000000000000e+00
-2.299999999999997602e+00 0.000000000000000000e+00
-2.199999999999996625e+00 0.000000000000000000e+00
-2.099999999999997424e+00 0.000000000000000000e+00
-1.999999999999998002e+00 0.000000000000000000e+00
-1.899999999999997913e+00 3.818696000164224482e-33
-1.799999999999997824e+00 3.453216161219359624e-30
-1.699999999999997735e+00 2.220176407974934032e-27
-1.599999999999997646e+00 1.003886165598629616e-24
-1.499999999999997558e+00 3.199505658539138331e-22
-1.399999999999997469e+00 7.196343577043798645e-20
-1.299999999999997380e+00 1.143922581825097836e-17
-1.199999999999999067e+00 1.287300250560531020e-15
-1.100000000000110667e+00 1.027665594021772258e-13
-1.000000000005826672e+00 5.834301510436605590e-12
-9.000000002115935427e-01 2.362675600602926672e-10
-8.000000054973107622e-01 6.850373353353307511e-09
-7.000001028379800871e-01 1.428656328711153037e-07
-6.000013956471085264e-01 2.155530333325395935e-06
-5.000138697452759518e-01 2.369708869614464036e-05
-4.001020598393712491e-01 1.913932397890202256e-04
-3.005626675059127617e-01 1.144378976159387846e-03
-2.023479777792206724e-01 5.087716450347692237e-03
-1.074836462721407010e-01 1.687679681428120096e-02
-1.852391762665595715e-02 4.246395850713501757e-02
6.316188537173507422e-02 8.445982338919832966e-02
1.383206234435912507e-01 1.404911168945340016e-01
2.089461397152594935e-01 2.059371231273612601e-01
2.770092023841726481e-01 2.766798588655445812e-01
3.438604348206559802e-01 3.500023929199808648e-01
4.102274556781020376e-01 4.244206482461440055e-01
4.764309987593680629e-01 4.992439312960688658e-01
5.425881639389243949e-01 5.741970873944447495e-01
6.087343939587468444e-01 6.491862823634301227e-01
6.748785243050551275e-01 7.241841184874655557e-01
7.410223401447321168e-01 7.991837429273206395e-01
8.071661234107109228e-01 8.741836865247045729e-01
8.733099056199602472e-01 9.491836792045177384e-01
9.394536882567051661e-01 1.024183678384430474e+00
1.005597471011887789e+00 1.099183678305200251e+00
1.071741253786012704e+00 1.174183678298604816e+00
1.137885036562395591e+00 1.249183678298132261e+00
1.204028819338991640e+00 1.324183678298102684e+00
1.270172602115604787e+00 1.399183678298101308e+00
1.336316384892219711e+00 1.474183678298101707e+00
1.402460167668834634e+00 1.549183678298102551e+00
1.468603950445450668e+00 1.624183678298103395e+00
1.534747733222065591e+00 1.699183678298103573e+00
1.600891515998679848e+00 1.774183678298102862e+00
1.667035298775294994e+00 1.849183678298103040e+00
1.733179081551909917e+00 1.924183678298102551e+00
1.799322864328523730e+00 1.999183678298102285e+00
1.865466647105138209e+00 2.074183678298102684e+00
1.931610429881754465e+00 2.149183678298103306e+00
