2.000000000000000000e+01 0.000000000000000000e+00
2.000000000000000000e+01 0.000000000000000000e+00
2.000000000000000000e+01 0.000000000000000000e+00
2.000000000000000000e+01 0.000000000000000000e+00
2.000000000000000000e+01 0.000000000000000000e+00
2.000000000000000000e+01 0.000000000000000000e+00
2.000000000000000000e+01 0.000000000000000000e+00
2.000000000000000000e+01 0.000000000000000000e+00
2.000000000000000000e+01 0.000000000000000000e+00
2.000000000000000000e+01 0.000000000000000000e+00
2.000000000000000000e+01 0.000000000000000000e+00
2.000000000000000000e+01 0.000000000000000000e+00
2.000000000000000000e+01 0.000000000000000000e+00
2.000000000000000000e+01 0.000000000000000000e+00
2.000000000000000000e+01 0.000000000000000000e+00
2.000000000000000000e+01 0.000000000000000000e+00
2.000000000000000000e+01 0.000000000000000000e+00
2.000000000000000000e+01 0.000000000000000000e+00
1.999999999999861799e+01 0.000000000000000000e+00
1.999999999990617638e+01 0.000000000000000000e+00
1.999999999561546105e+01 0.000000000000000000e+00
1.999999985511353628e+01 0.000000000000000000e+00
1.999999660045688188e+01 0.000000000000000000e+00
1.999994308880938121e+01 0.000000000000000000e+00
1.999931601019196847e+01 0.000000000000000000e+00
1.999405229032509368e+01 0.000000000000000000e+00
1.996224648528457024e+01 0.000000000000000000e+00
1.982372761167888697e+01 0.000000000000000000e+00
1.939319344690365909e+01 0.000000000000000000e+00
1.846032533468887138e+01 0.000000000000000000e+00
1.707415463635574326e+01 0.000000000000000000e+00
1.562902973388233185e+01 0.000000000000000000e+00
1.450567866668986738e+01 0.000000000000000000e+00
1.381207336151942400e+01 0.000000000000000000e+00
1.345797671489884983e+01 0.000000000000000000e+00
1.330594219396456523e+01 0.000000000000000000e+00
1.325085488909514275e+01 0.000000000000000000e+00
1.323407137426505997e+01 0.000000000000000000e+00
1.322980943610578741e+01 0.000000000000000000e+00
1.322892197567756867e+01 0.000000000000000000e+00
1.322877527824812915e+01 0.000000000000000000e+00
1.322875751536733446e+01 0.000000000000000000e+00
1.322875638906295670e+01 0.000000000000000000e+00
1.322875649789645003e+01 0.000000000000000000e+00
1.322875654537133094e+01 0.000000000000000000e+00
1.322875655406884476e+01 0.000000000000000000e+00
1.322875655519799842e+01 0.000000000000000000e+00
1.322875655531279904e+01 0.000000000000000000e+00
1.322875655532227768e+01 0.000000000000000000e+00
1.322875655532292249e+01 0.000000000000000000e+00
1.322875655532294026e+01 0.000000000000000000e+00
1.322875655532294026e+01 0.000000000000000000e+00
1.322875655532294026e+01 0.000000000000000000e+00
1.322875655532294026e+01 0.000000000000000000e+00
1.322875655532294026e+01 0.000000000000000000e+00
1.322875655532294026e+01 0.000000000000000000e+00
1.322875655532294026e+01 0.000000000000000000e+00
1.322875655532294026e+01 0.000000000000000000e+00
1.322875655532294026e+01 0.000000000000000000e+00
1.322875655532294026e+01 0.000000000000000000e+00
