1.000000000000000000e+00
9.999999976466442675e-01
9.999999971421438261e-01
9.999999877437253382e-01
9.999999792266481835e-01
9.999999499583922535e-01
9.999999149965568268e-01
9.999998260686233653e-01
9.999996942750515316e-01
9.999993950029650858e-01
9.999988888884006055e-01
9.999978291614899373e-01
9.999959576772666781e-01
9.999922842499020526e-01
9.999857622023627934e-01
9.999735368130028279e-01
9.999519392923451599e-01
9.999127849466101781e-01
9.998442489289784962e-01
9.997233019919372632e-01
9.995142394648878215e-01
9.991538307482987769e-01
9.985401933981351563e-01
9.975043997736102730e-01
9.957710338940561901e-01
9.929034993450961410e-01
9.881990225551144924e-01
9.805817524306665867e-01
9.683859929543642275e-01
9.491736935202352843e-01
9.194678105194086237e-01
8.747040770022925793e-01
8.096734541247387895e-01
7.201425406075857572e-01
6.069100560845084313e-01
4.823155891239833681e-01
3.755003067229310543e-01
3.211025043718257477e-01
3.121685937593783877e-01
2.636426917865676289e-01
1.562168796779257185e-01
1.597973269109023153e-01
1.250079233481028729e-01
1.011071858361655557e-01
5.560201906522522358e-02
6.930901249105725359e-02
6.467349114867887439e-02
4.894707384937815181e-02
2.034630097874775070e-02
3.018796777744586421e-02
1.014160530602449886e-02
1.529384700030230089e-02
7.627218896334310438e-03
1.206191954831549278e-02
5.234980543279488426e-03
7.124010289044801179e-03
1.240521681755009289e-03
1.070482747948388498e-02
8.951114978830054802e-03
1.377692559910376766e-03
7.402777032300348302e-03
7.092466864271809723e-02
4.449375772194346657e-01
4.301708120605100549e-01
4.207576916604829353e-01
4.360595371812190923e-01
4.611382362720427008e-01
4.660316759548303600e-01
3.473346531697950601e-01
1.123770209326790392e-01
2.292951319744894120e-02
5.776144045620265795e-03
3.345370531549090188e-03
9.317586457732053150e-05
2.250930502752610538e-04
1.571812326627699890e-04
2.928707869717147162e-04
1.327297671781853955e-04
2.314537751401350837e-05
2.944437346387125605e-05
8.641820880261279864e-05
1.261288321186074810e-04
2.309274340764901859e-04
2.614643877709315104e-04
2.438298184303832922e-04
3.818637823891273615e-04
3.294873916032729192e-04
1.851074554316453874e-04
2.995998417590891921e-04
3.248858549633189632e-04
1.948206300443524187e-04
1.371074840986871084e-04
9.909843518248118892e-05
1.525397138316847184e-04
4.737304811031416520e-04
7.816789970954845807e-04
8.789346826302863337e-04
8.942240184194981270e-04
8.195057878152858756e-04
6.135572074785540118e-04
4.572248189833532468e-04
4.819674738730569258e-04
6.751874349866102609e-04
9.428887921352513976e-04
1.176817046595209602e-03
1.317716088548107024e-03
1.335911248790577722e-03
1.219661259587306000e-03
9.974628952824080626e-04
7.244006341297323836e-04
4.640295290981204311e-04
2.771369141411757719e-04
2.029775069768887112e-04
2.464083450804422921e-04
3.823957933324868895e-04
5.693879103410743074e-04
7.614823507310909375e-04
9.184040470143036350e-04
1.013843198109288688e-03
1.039061125156548514e-03
1.000480108768557084e-03
9.123337241011454527e-04
7.914688137565377727e-04
6.547427906879835528e-04
5.182697053222868168e-04
3.942140520355495248e-04
2.887710965096886451e-04
2.035921506959500473e-04
1.378513770085397082e-04
8.957427611833519352e-05
5.604297947630581780e-05
3.388495995607663445e-05
1.974648522311629173e-05
1.098672969668814177e-05
5.802566788184191073e-06
2.954067101108136674e-06
1.501762593124626609e-06
7.744314486019072158e-07
3.962596273342323184e-07
2.067265752009534207e-07
1.285998046902800809e-07
9.869270601432717978e-08
7.457471208622700634e-08
4.835366436242241194e-08
2.975316130419903210e-08
2.207680228226250269e-08
1.847959880172453777e-08
1.295105988344008124e-08
6.367763101174873676e-09
2.273853249292117612e-09
