1.609665477397169653e+01 -7.596011535760194278e-01
1.608692227160925015e+01 -7.486075752275543893e-01
1.606346319073154660e+01 -7.221708744756387688e-01
1.604127038579922981e+01 -6.972415727825559406e-01
1.602468496282810761e+01 -6.786618621104891780e-01
1.601851790656075991e+01 -6.717647810184594892e-01
1.613869617687754143e+01 -6.469522797767837119e-01
1.721486543742097197e+01 -1.264837186183664641e-01
2.037514833336839359e+01 -2.122337675602501650e-07
2.147878052202382548e+01 -1.194425569736228127e-01
2.149124868228201279e+01 -1.312753405921036065e-01
2.149117885930215621e+01 -1.431273962247844311e-01
