-3.380973842865682144e+00 2.155798730235005400e-01
-2.730586232292420146e+00 2.555834005949056409e-01
-2.242090055591058118e+00 2.532721946467946239e-01
-1.753593909334572265e+00 2.490780355089358411e-01
-1.265097770211982109e+00 2.451075891610591251e-01
-7.766016311104930736e-01 2.415451740143920167e-01
-2.881237307027132433e-01 2.386172904699604691e-01
-8.787283245420399180e-02 2.749425305373524031e-01
1.351626718207773747e-01 5.639283656448289550e-01
4.572160413744736362e-01 9.221081799220851583e-01
7.789180124796436511e-01 1.284344547739871167e+00
1.100619928920002710e+00 1.647422276580305267e+00
