3.443190790658647416e+00 4.668734164978040058e-01
3.452923293021093798e+00 4.558798381493389673e-01
3.476382373898797340e+00 4.294431373974233468e-01
3.498575178831114130e+00 4.045138357043405186e-01
3.515160601802236329e+00 3.859341250322737560e-01
3.521327647738935696e+00 3.790370439402440672e-01
3.393644186792140971e+00 3.542245426985682899e-01
-5.651384364153777540e-01 -1.662440184598489579e-01
-7.419783105056025008e+00 -2.927275248444478617e-01
-8.610673812131365068e+00 -1.732851801045925955e-01
-8.623172030457054049e+00 -1.614523964861118155e-01
-8.623102204184066366e+00 -1.496003408534309909e-01
