1.953984556463034394e+01 -2.927277370782154220e-01
1.953984556463034394e+01 -2.927277370782154220e-01
1.953984556463034394e+01 -2.927277370782154220e-01
1.953984556463034394e+01 -2.927277370782154220e-01
1.953984556463034394e+01 -2.927277370782154220e-01
1.953984555429969561e+01 -2.927277370782154220e-01
1.953234036366968240e+01 -2.927277370782154220e-01
1.664972700100559422e+01 -2.927277370782154220e-01
1.295536522831236859e+01 -2.927277370782154220e-01
1.286810670989246042e+01 -2.927277370782154220e-01
1.286807665182495874e+01 -2.927277370782154220e-01
1.286807665511808985e+01 -2.927277370782154220e-01
