7.539041420179222753e-08
7.709639457615385302e-08
7.883420395084142569e-08
8.060432372929283184e-08
8.240724255975183248e-08
8.424345646873275512e-08
8.611346933587617704e-08
8.801779264250641399e-08
8.995694619738957234e-08
9.193145786914543838e-08
9.394186413909972881e-08
9.598871022892791923e-08
9.807255050585433912e-08
1.001939485819075720e-07
1.023534775232437372e-07
1.045517203074698882e-07
1.067892699143110014e-07
1.090667298292403348e-07
1.113847141405082300e-07
1.137438478720069893e-07
1.161447673390630542e-07
1.185881206412940721e-07
1.210745675574357259e-07
1.236047803769201821e-07
1.261794440830171735e-07
1.287992565094362827e-07
1.314649290567360934e-07
1.341771864606885781e-07
1.369367679654134042e-07
1.397444273523499542e-07
1.426009331885537587e-07
1.455070695379753139e-07
1.484636360350279374e-07
1.514714488197988833e-07
1.545313405071585271e-07
1.576441609294407331e-07
1.608107775126917664e-07
1.640320757717222984e-07
1.673089597311997256e-07
1.706423524288847369e-07
1.740331966302458794e-07
1.774824550853159743e-07
1.809911113676463275e-07
1.845601699725378295e-07
1.881906572314368709e-07
1.918836216519892127e-07
1.956401348588597043e-07
1.994612917016972990e-07
2.033482112045995642e-07
2.073020370044293876e-07
2.113239380665602000e-07
2.154151092257628664e-07
2.195767718205908265e-07
2.238101745101962002e-07
2.281165937423743071e-07
2.324973345208759638e-07
2.369537312299294980e-07
2.414871480746295365e-07
2.460989798330238318e-07
2.507906530192594356e-07
2.555636258870209104e-07
2.604193897860887736e-07
2.653594696709471006e-07
2.703854246846097193e-07
2.754988495212134182e-07
2.807013746413060881e-07
2.859946672614644304e-07
2.913804325277507976e-07
2.968604136722959152e-07
3.024363932778424159e-07
3.081101943211224059e-07
3.138836806776936016e-07
3.197587580034148600e-07
3.257373750352260994e-07
3.318215239173461400e-07
3.380132417766645715e-07
3.443146110727762650e-07
3.507277607350554483e-07
3.572548674168559086e-07
3.638981560864659742e-07
3.706599010391793203e-07
3.775424272287288535e-07
3.845481109071113121e-07
3.916793808017049303e-07
3.989387192661603666e-07
4.063286630318699126e-07
4.138518046336708496e-07
4.215107932020761590e-07
4.293083358680704063e-07
4.372471984887844134e-07
4.453302068683246929e-07
4.535602481448042984e-07
4.619402718324038375e-07
4.704732906550005990e-07
4.791623822808840882e-07
4.880106900479467784e-07
4.970214244397430477e-07
5.061978641155178245e-07
5.155433573771841130e-07
5.250613232212785160e-07
5.347552525842182517e-07
5.446287099804780143e-07
5.546853343189141655e-07
5.649288405516468211e-07
5.753630208712268898e-07
5.859917461302522820e-07
5.968189670071049437e-07
6.078487155873063123e-07
6.190851069603068769e-07
6.305323400390789637e-07
6.421946996692696442e-07
6.540765574336134195e-07
6.661823737265344429e-07
6.785166985431685098e-07
6.910841740539276417e-07
7.038895348692544221e-07
7.169376104726803028e-07
7.302333265443542894e-07
7.437817062834983291e-07
7.575878722858054397e-07
7.716570482465616571e-07
7.859945602941444036e-07
8.006058389972972377e-07
8.154964206884092993e-07
8.306719494941577927e-07
8.461381788704269781e-07
8.619009735909166449e-07
8.779663110489468360e-07
8.943402834940445338e-07
9.110290998942346389e-07
9.280390873017327903e-07
9.453766933019741613e-07
9.630484874075072881e-07
9.810611634360505049e-07
9.994215410412079577e-07
1.018136568047772368e-06
1.037213322126454437e-06
1.056659013262989390e-06
1.076480985079701500e-06
1.096686717830461394e-06
1.117283829951446040e-06
1.138280080131914712e-06
1.159683369911267278e-06
1.181501745489106591e-06
1.203743400306253765e-06
1.226416676910426116e-06
1.249530069667501328e-06
1.273092226944919570e-06
1.297111953144521281e-06
1.321598211858460849e-06
1.346560127530198413e-06
1.372006988281788057e-06
1.397948248526085697e-06
1.424393531193766842e-06
1.451352630792781857e-06
1.478835515698041026e-06
1.506852330563496508e-06
1.535413399545076876e-06
1.564529228922316971e-06
1.594210509607161713e-06
1.624468120274855677e-06
1.655313129943214318e-06
1.686756801293559796e-06
1.718810593103233362e-06
1.751486163569712216e-06
1.784795373610702594e-06
1.818750289284730807e-06
1.853363185586515345e-06
1.888646549151624605e-06
1.924613081823994160e-06
1.961275703748612616e-06
1.998647556865211487e-06
2.036742007996390624e-06
2.075572652912916846e-06
2.115153319150277892e-06
2.155498069815774078e-06
2.196621207479245123e-06
2.238537277105642215e-06
2.281261070906350345e-06
2.324807630899139134e-06
2.369192253615689054e-06
2.414430493495501241e-06
2.460538167247600492e-06
2.507531357524944282e-06
2.555426417145280265e-06
2.604239973266278822e-06
2.653988931499086315e-06
2.704690480464816002e-06
2.756362095704760446e-06
2.809021544465001532e-06
2.862686890011189955e-06
2.917376495952187197e-06
2.973109031560222725e-06
3.029903475529544669e-06
3.087779121488607429e-06
3.146755582523538475e-06
3.206852796278742480e-06
3.268091029556215683e-06
3.330490883716757785e-06
3.394073299919907487e-06
3.458859564034749842e-06
3.524871312116285797e-06
3.592130535890723119e-06
3.660659587987630247e-06
3.730481187491814595e-06
3.801618425878554406e-06
3.874094772754641965e-06
3.947934081113725392e-06
4.023160593774460397e-06
4.099798949310429539e-06
4.177874188002744618e-06
4.257411758054560544e-06
4.338437521819746512e-06
4.420977762212156462e-06
4.505059189183722662e-06
4.590708946415071548e-06
4.677954617685872173e-06
4.766824233545699243e-06
4.857346278881452568e-06
4.949549699006428742e-06
5.043463907329613253e-06
5.139118792164282929e-06
5.236544724187380412e-06
5.335772563749947209e-06
5.436833668428303829e-06
5.539759900602318886e-06
5.644583635113483100e-06
5.751337767045881857e-06
5.860055719858829582e-06
5.970771453355665077e-06
6.083519471719750447e-06
6.198334831961432633e-06
6.315253152289092146e-06
6.434310620526788790e-06
6.555544002930504142e-06
6.678990652856357400e-06
6.804688519757323485e-06
6.932676158203736666e-06
7.062992736827772989e-06
7.195678047935444631e-06
7.330772516569944765e-06
7.468317210503847906e-06
7.608353849384509394e-06
7.750924815144587360e-06
7.896073161417035860e-06
8.043842623971380026e-06
8.194277630918266728e-06
8.347423312944355950e-06
8.503325513873512129e-06
8.662030801413585497e-06
8.823586477951050782e-06
8.988040591670982794e-06
9.155441947186323802e-06
9.325840117372712578e-06
9.499285454277276033e-06
9.675829101266238729e-06
9.855523004262663152e-06
1.003841992384468228e-05
1.022457344722990617e-05
1.041403800054646112e-05
1.060686886136348349e-05
1.080312217093988355e-05
1.100285494692077307e-05
1.120612509664978241e-05
1.141299142968017759e-05
1.162351367127136470e-05
1.183775247600284217e-05
1.205576944086953008e-05
1.227762711940146884e-05
1.250338903538685577e-05
1.273311969724376665e-05
1.296688461198954674e-05
1.320475030001641624e-05
1.344678430959937776e-05
1.369305523165817779e-05
1.394363271548637138e-05
1.419858748294544971e-05
1.445799134460422782e-05
1.472191721545876819e-05
1.499043913029947775e-05
1.526363226011311319e-05
1.554157292853346859e-05
1.582433862758912400e-05
1.611200803502955519e-05
1.640466103104496943e-05
1.670237871515964912e-05
1.700524342384574113e-05
1.731333874770334477e-05
1.762674954952511914e-05
1.794556198213219825e-05
1.826986350657409326e-05
1.859974291065958455e-05
1.893529032729356887e-05
1.927659725369856787e-05
1.962375657044116849e-05
1.997686256049814498e-05
2.033601092937288501e-05
2.070129882451413151e-05
2.107282485542050625e-05
2.145068911413968292e-05
2.183499319577647779e-05
2.222584021935113431e-05
2.262333484849653588e-05
2.302758331340406045e-05
2.343869343181753263e-05
2.385677463128100487e-05
2.428193797111209991e-05
2.471429616468062392e-05
2.515396360230872906e-05
2.560105637376740043e-05
2.605569229179277406e-05
2.651799091548332485e-05
2.698807357389484347e-05
2.746606339029065077e-05
2.795208530618262227e-05
2.844626610628537170e-05
2.894873444300903194e-05
2.945962086167286788e-05
2.997905782626182714e-05
3.050717974502801605e-05
3.104412299667477841e-05
3.159002595629124176e-05
3.214502902263220946e-05
3.270927464471537130e-05
3.328290734910597625e-05
3.386607376779877184e-05
3.445892266610332485e-05
3.506160497051800544e-05
3.567427379782026298e-05
3.629708448353698912e-05
3.693019461163975139e-05
3.757376404362441008e-05
3.822795494885486059e-05
3.889293183440497323e-05
3.956886157602746616e-05
4.025591344888596843e-05
4.095425915865091399e-05
4.166407287360113497e-05
4.238553125626862638e-05
4.311881349590329957e-05
4.386410134090672089e-05
4.462157913257026062e-05
4.539143383777461701e-05
4.617385508320055536e-05
4.696903518959479930e-05
4.777716920596811179e-05
4.859845494492854277e-05
4.943309301775094448e-05
5.028128687029932031e-05
5.114324281891720992e-05
5.201917008707374984e-05
5.290928084213788665e-05
5.381379023293463205e-05
5.473291642727627957e-05
5.566688065010320046e-05
5.661590722188488193e-05
5.758022359785152527e-05
5.856006040722366531e-05
5.955565149274840223e-05
6.056723395121430198e-05
6.159504817407255542e-05
6.263933788846316134e-05
6.370035019865817507e-05
6.477833562785322312e-05
6.587354816099764282e-05
6.698624528725337086e-05
6.811668804350558921e-05
6.926514105779666374e-05
7.043187259395758415e-05
7.161715459578168086e-05
7.282126273262881113e-05
7.404447644473365281e-05
7.528707898920833483e-05
7.654935748683826984e-05
7.783160296869231739e-05
7.913411042412931806e-05
8.045717884850550985e-05
8.180111129149740545e-05
8.316621490643067360e-05
8.455280099942867698e-05
8.596118507961912365e-05
8.739168690947613535e-05
8.884463055575662124e-05
9.032034444110500799e-05
9.181916139613922022e-05
9.334141871161056279e-05
9.488745819185225873e-05
9.645762620818864415e-05
9.805227375301602639e-05
9.967175649464969373e-05
1.013164348321915790e-04
1.029866739513888977e-04
1.046828438811142913e-04
1.064053195498965349e-04
1.081544808434523844e-04
1.099307126623781932e-04
1.117344049811408647e-04
1.135659529066413039e-04
1.154257567379871334e-04
1.173142220267720984e-04
1.192317596378316660e-04
1.211787858106902379e-04
1.231557222210689288e-04
1.251629960439114178e-04
1.272010400163131160e-04
1.292702925011431395e-04
1.313711975514889204e-04
1.335042049755258658e-04
1.356697704018564770e-04
1.378683553460131417e-04
1.401004272767917376e-04
1.423664596839821213e-04
1.446669321460765270e-04
1.470023303988606141e-04
1.493731464049203130e-04
1.517798784232175454e-04
1.542230310795674852e-04
1.567031154382489736e-04
1.592206490731482666e-04
1.617761561405967399e-04
1.643701674522874150e-04
1.670032205491521970e-04
1.696758597755229571e-04
1.723886363545059990e-04
1.751421084632406519e-04
1.779368413098635299e-04
1.807734072099720531e-04
1.836523856648036369e-04
1.865743634396129923e-04
1.895399346423122370e-04
1.925497008038639984e-04
1.956042709584244728e-04
1.987042617244108751e-04
2.018502973866730945e-04
2.050430099787848019e-04
2.082830393665034631e-04
2.115710333316445980e-04
2.149076476564971928e-04
2.182935462100677273e-04
2.217294010330698073e-04
2.252158924255735350e-04
2.287537090341415361e-04
2.323435479404088472e-04
2.359861147499748625e-04
2.396821236818847344e-04
2.434322976596428340e-04
2.472373684016032549e-04
2.510980765140573517e-04
2.550151715831782588e-04
2.589894122684477298e-04
2.630215663970235222e-04
2.671124110589898114e-04
2.712627327026767760e-04
2.754733272311684690e-04
2.797450000997471140e-04
2.840785664136406537e-04
2.884748510270980114e-04
2.929346886428566715e-04
2.974589239120569513e-04
3.020484115357928217e-04
3.067040163669028244e-04
3.114266135124235451e-04
3.162170884371516295e-04
3.210763370678978990e-04
3.260052658984946084e-04
3.310047920954081757e-04
3.360758436045923475e-04
3.412193592586080788e-04
3.464362888849404796e-04
3.517275934151491341e-04
3.570942449942594919e-04
3.625372270915608493e-04
3.680575346120108868e-04
3.736561740085134241e-04
3.793341633946368478e-04
3.850925326586818838e-04
3.909323235781509039e-04
3.968545899353617158e-04
4.028603976334978534e-04
4.089508248137676801e-04
4.151269619732224163e-04
4.213899120837317699e-04
4.277407907112280145e-04
4.341807261361078332e-04
4.407108594744038382e-04
4.473323447997557423e-04
4.540463492665326836e-04
4.608540532329795641e-04
4.677566503861681517e-04
4.747553478670117708e-04
4.818513663962811452e-04
4.890459404020278599e-04
4.963403181469080777e-04
5.037357618572882488e-04
5.112335478520020886e-04
5.188349666734828241e-04
5.265413232181993287e-04
5.343539368689114409e-04
5.422741416274630454e-04
5.503032862481118358e-04
5.584427343726232904e-04
5.666938646648413038e-04
5.750580709471691827e-04
5.835367623373841420e-04
5.921313633865755771e-04
6.008433142175136554e-04
6.096740706643565726e-04
6.186251044126907673e-04
6.276979031407933568e-04
6.368939706614615021e-04
6.462148270647160740e-04
6.556620088615433333e-04
6.652370691282211059e-04
6.749415776515690218e-04
6.847771210748922113e-04
6.947453030450008536e-04
7.048477443597493848e-04
7.150860831169373547e-04
7.254619748629779390e-04
7.359770927437054742e-04
7.466331276549432756e-04
7.574317883943883266e-04
7.683748018142438517e-04
7.794639129743927966e-04
7.907008852968633534e-04
8.020875007207178657e-04
8.136255598577003508e-04
8.253168821492650777e-04
8.371633060234160610e-04
8.491666890530561980e-04
8.613289081152266432e-04
8.736518595506624456e-04
8.861374593240997546e-04
8.987876431859200639e-04
9.116043668342076450e-04
9.245896060775162656e-04
9.377453569983091979e-04
9.510736361175377469e-04
9.645764805600277273e-04
9.782559482198400266e-04
9.921141179273494128e-04
1.006153089616559047e-03
1.020374984493295370e-03
1.034781945203603129e-03
1.049376136004171985e-03
1.064159742931956474e-03
1.079134973975659712e-03
1.094304059247424828e-03
1.109669251155169121e-03
1.125232824575991570e-03
1.140997077029993426e-03
1.156964328854791614e-03
1.173136923380916404e-03
1.189517227107721696e-03
1.206107629880200831e-03
1.222910545065880898e-03
1.239928409733285879e-03
1.257163684830171681e-03
1.274618855363201424e-03
1.292296430577550680e-03
1.310198944137700144e-03
1.328328954308381164e-03
1.346689044136519181e-03
1.365281821633995956e-03
1.384109919960000009e-03
1.403175997605279196e-03
1.422482738576030283e-03
1.442032852578981582e-03
1.461829075206383432e-03
1.481874168122260466e-03
1.502170919248978958e-03
1.522722142954019290e-03
1.543530680237793383e-03
1.564599398921705416e-03
1.585931193836657288e-03
1.607528987012548727e-03
1.629395727867585277e-03
1.651534393398530623e-03
1.673947988371562176e-03
1.696639545513029933e-03
1.719612125701324053e-03
1.742868818158639860e-03
1.766412740643534974e-03
1.790247039644094233e-03
1.814374890570739658e-03
1.838799497950279437e-03
1.863524095619984019e-03
1.888551946922030402e-03
1.913886344898265823e-03
1.939530612485938776e-03
1.965488102712488298e-03
1.991762198892293046e-03
2.018356314822226678e-03
2.045273894978927136e-03
2.072518414714968719e-03
2.100093380456397214e-03
2.128002329900219054e-03
2.156248832212025353e-03
2.184836488223844062e-03
2.213768930632371585e-03
2.243049824197502345e-03
2.272682865940960258e-03
2.302671785344737217e-03
2.333020344550687346e-03
2.363732338559118139e-03
2.394811595428611526e-03
2.426261976475200480e-03
2.458087376471950695e-03
2.490291723848798554e-03
2.522878980892269852e-03
2.555853143945213679e-03
2.589218243607084493e-03
2.622978344933640012e-03
2.657137547636950065e-03
2.691699986285566327e-03
2.726669830504525101e-03
2.762051285175530068e-03
2.797848590636547398e-03
2.834066022882136826e-03
2.870707893763069750e-03
2.907778551186280831e-03
2.945282379314741530e-03
2.983223798766581648e-03
3.021607266814998853e-03
3.060437277587342055e-03
3.099718362264382993e-03
3.139455089279092996e-03
3.179652064515646123e-03
3.220313931507936146e-03
3.261445371637688041e-03
3.303051104332697420e-03
3.345135887264428978e-03
3.387704516545651367e-03
3.430761826927490512e-03
3.474312691996456898e-03
3.518362024370712618e-03
3.562914775896298958e-03
3.607975937842968460e-03
3.653550541099391622e-03
3.699643656367849250e-03
3.746260394359286067e-03
3.793405905986616585e-03
3.841085382558881000e-03
3.889304055973381857e-03
3.938067198909041972e-03
3.987380125017712766e-03
4.037248189115921065e-03
4.087676787375238083e-03
4.138671357512722568e-03
4.190237378980336130e-03
4.242380373153722788e-03
4.295105903520681466e-03
4.348419575868051230e-03
4.402327038469272188e-03
4.456833982269981821e-03
4.511946141073234010e-03
4.567669291724080552e-03
4.624009254293404148e-03
4.680971892260695801e-03
4.738563112696014303e-03
4.796788866441085292e-03
4.855655148289836527e-03
4.915167997167223593e-03
4.975333496308164023e-03
5.036157773434870276e-03
5.097647000932929370e-03
5.159807396027095427e-03
5.222645220955742136e-03
5.286166783144080963e-03
5.350378435376346338e-03
5.415286575967116073e-03
5.480897648931634322e-03
5.547218144154312212e-03
5.614254597556707187e-03
5.682013591264111971e-03
5.750501753770575347e-03
5.819725760103568180e-03
5.889692331986376948e-03
5.960408237999685437e-03
6.031880293742125990e-03
6.104115361988945998e-03
6.177120352849335173e-03
6.250902223923212458e-03
6.325467980455365749e-03
6.400824675489089413e-03
6.476979410018036780e-03
6.553939333136407294e-03
6.631711642188143144e-03
6.710303582913999983e-03
6.789722449597643608e-03
6.869975585209524456e-03
6.951070381549798866e-03
7.033014279389058522e-03
7.115814768607890695e-03
7.199479388334612678e-03
7.284015727080880333e-03
7.369431422876393696e-03
7.455734163401134956e-03
7.542931686116103283e-03
7.631031778392269836e-03
7.720042277637897792e-03
7.809971071423621111e-03
7.900826097605720064e-03
7.992615344448049733e-03
8.085346850740996946e-03
8.179028705919981837e-03
8.273669050180279191e-03
8.369276074591437339e-03
8.465858021208508624e-03
8.563423183181770662e-03
8.661979904864421445e-03
8.761536581918175429e-03
8.862101661416316514e-03
8.963683641945080494e-03
9.066291073703332259e-03
9.169932558598485606e-03
9.274616750341841895e-03
9.380352354541023063e-03
9.487148128790218876e-03
9.595012882758010772e-03
9.703955478273251084e-03
9.813984829407991495e-03
9.925109902559105246e-03
1.003733971652638612e-02
1.015068334258906364e-02
1.026514990457964328e-02
1.038074857895523485e-02
1.049748859486659622e-02
1.061537923422450382e-02
1.073442983176363559e-02
1.085464977510444684e-02
1.097604850481136152e-02
1.109863551444979259e-02
1.122242035063952641e-02
1.134741261310611045e-02
1.147362195472898840e-02
1.160105808158755532e-02
1.172973075300453270e-02
1.185964978158618975e-02
1.199082503326005106e-02
1.212326642731041508e-02
1.225698393640998161e-02
1.239198758664997353e-02
1.252828745756648376e-02
1.266589368216441795e-02
1.280481644693870144e-02
1.294506599189232041e-02
1.308665261055191528e-02
1.322958664997991515e-02
1.337387851078448639e-02
1.351953864712573603e-02
1.366657756671978835e-02
1.381500583083905380e-02
1.396483405431036759e-02
1.411607290550938483e-02
1.426873310635258865e-02
1.442282543228591389e-02
1.457836071227021704e-02
1.473534982876402617e-02
1.489380371770302434e-02
1.505373336847633768e-02
1.521514982389994379e-02
1.537806418018673044e-02
1.554248758691352712e-02
1.570843124698532295e-02
1.587590641659540266e-02
1.604492440518321544e-02
1.621549657538842379e-02
1.638763434300232608e-02
1.656134917691559280e-02
1.673665259906293584e-02
1.691355618436447480e-02
1.709207156066375882e-02
1.727221040866300586e-02
1.745398446185419603e-02
1.763740550644768076e-02
1.782248538129711790e-02
1.800923597782097194e-02
1.819766923992134980e-02
1.838779716389831939e-02
1.857963179836194870e-02
1.877318524414059789e-02
1.896846965418594669e-02
1.916549723347450371e-02
1.936428023890582328e-02
1.956483097919709674e-02
1.976716181477502013e-02
1.997128515766368601e-02
2.017721347136887736e-02
2.038495927075988090e-02
2.059453512194669988e-02
2.080595364215506032e-02
2.101922749959707001e-02
2.123436941333841158e-02
2.145139215316339831e-02
2.167030853943469060e-02
2.189113144295102426e-02
2.211387378480109828e-02
2.233854853621393063e-02
2.256516871840539423e-02
2.279374740242223057e-02
2.302429770898190703e-02
2.325683280830903935e-02
2.349136591996880963e-02
2.372791031269676915e-02
2.396647930422475536e-02
2.420708626110421036e-02
2.444974459852517976e-02
2.469446778013265759e-02
2.494126931783879897e-02
2.519016277163238504e-02
2.544116174938437780e-02
2.569427990665017897e-02
2.594953094646864147e-02
2.620692861915749350e-02
2.646648672210534861e-02
2.672821909956058992e-02
2.699213964241656619e-02
2.725826228799348508e-02
2.752660101981700344e-02
2.779716986739346266e-02
2.806998290598182108e-02
2.834505425636187070e-02
2.862239808459988641e-02
2.890202860180995578e-02
2.918396006391296357e-02
2.946820677139167996e-02
2.975478306904268816e-02
3.004370334572521381e-02
3.033498203410641900e-02
3.062863361040359805e-02
3.092467259412322311e-02
3.122311354779695736e-02
3.152397107671341125e-02
3.182725982864833408e-02
3.213299449359052068e-02
3.244118980346456793e-02
3.275186053185134144e-02
3.306502149370443844e-02
3.338068754506370861e-02
3.369887358276622141e-02
3.401959454415365985e-02
3.434286540677698035e-02
3.466870118809766560e-02
3.499711694518656269e-02
3.532812777441934199e-02
3.566174881116874334e-02
3.599799522949468505e-02
3.633688224183076465e-02
3.667842509866826167e-02
3.702263908823697630e-02
3.736953953618374347e-02
3.771914180524749832e-02
3.807146129493196168e-02
3.842651344117555684e-02
3.878431371601843286e-02
3.914487762726692049e-02
3.950822071815534436e-02
3.987435856700511511e-02
4.024330678688101820e-02
4.061508102524558073e-02
4.098969696360994786e-02
4.136717031718296911e-02
4.174751683451728701e-02
4.213075229715392694e-02
4.251689251926300817e-02
4.290595334728292132e-02
4.329795065955747285e-02
4.369290036596993471e-02
4.409081840757506782e-02
4.449172075622919581e-02
4.489562341421775987e-02
4.530254241388071562e-02
4.571249381723549443e-02
4.612549371559886147e-02
4.654155822920563734e-02
4.696070350682546996e-02
4.738294572537848914e-02
4.780830108954774171e-02
4.823678583139107134e-02
4.866841620994982742e-02
4.910320851085671345e-02
4.954117904594137339e-02
4.998234415283398652e-02
5.042672019456802268e-02
5.087432355917999305e-02
5.132517065930908978e-02
5.177927793179404325e-02
5.223666183726909107e-02
5.269733885975808746e-02
5.316132550626717634e-02
5.362863830637638884e-02
5.409929381182945751e-02
5.457330859612272850e-02
5.505069925409251247e-02
5.553148240150096449e-02
5.601567467462164468e-02
5.650329272982276135e-02
5.699435324315064305e-02
5.748887290991044896e-02
5.798686844424820463e-02
5.848835657872970828e-02
5.899335406391949255e-02
5.950187766795943939e-02
6.001394417614550753e-02
6.052957039050441135e-02
6.104877312936975164e-02
6.157156922695675855e-02
6.209797553293727040e-02
6.262800891201353304e-02
6.316168624349205452e-02
6.369902442085656480e-02
6.424004035134069091e-02
6.478475095550084717e-02
6.533317316678793896e-02
6.588532393111942720e-02
6.644122020645133742e-02
6.700087896234957485e-02
6.756431717956198901e-02
6.813155184958935573e-02
6.870259997425777476e-02
6.927747856528983228e-02
6.985620464387688744e-02
7.043879524025103978e-02
7.102526739325767946e-02
7.161563814992819021e-02
7.220992456505316570e-02
7.280814370075565367e-02
7.341031262606612096e-02
7.401644841649605844e-02
7.462656815361404239e-02
7.524068892462119906e-02
7.585882782192820972e-02
7.648100194273270425e-02
7.710722838859748740e-02
7.773752426503002799e-02
7.837190668106236435e-02
7.901039274883255026e-02
7.965299958316700291e-02
8.029974430116394724e-02
8.095064402177780394e-02
8.160571586540597833e-02
8.226497695347494143e-02
8.292844440802971118e-02
8.359613535132399964e-02
8.426806690541130407e-02
8.494425619173862074e-02
8.562472033074079725e-02
8.630947644143757702e-02
8.699854164103106025e-02
8.769193304450656479e-02
8.838966776423401450e-02
8.909176290957232514e-02
8.979823558647433146e-02
9.050910289709565570e-02
9.122438193940432538e-02
9.194408980679276422e-02
9.266824358769271130e-02
9.339686036519143086e-02
9.412995721665110005e-02
9.486755121333029228e-02
9.560965942000786144e-02
9.635629889460958775e-02
9.710748668783687754e-02
9.786323984279964028e-02
9.862357539464941536e-02
9.938851037021756429e-02
1.001580617876552948e-01
1.009322466560765297e-01
1.017110819752041623e-01
1.024945847350190592e-01
1.032827719154119500e-01
1.040756604858393136e-01
1.048732674049812491e-01
1.056756096204038847e-01
1.064827040682237436e-01
1.072945676727773412e-01
1.081112173462921711e-01
1.089326699885625610e-01
1.097589424866289853e-01
1.105900517144604023e-01
1.114260145326410045e-01
1.122668477880599813e-01
1.131125683136059989e-01
1.139631929278642763e-01
1.148187384348193646e-01
1.156792216235599524e-01
1.165446592679893062e-01
1.174150681265389573e-01
1.182904649418869553e-01
1.191708664406797430e-01
1.200562893332593056e-01
1.209467503133938721e-01
1.218422660580129463e-01
1.227428532269479317e-01
1.236485284626752806e-01
1.245593083900664449e-01
1.254752096161406427e-01
1.263962487298233017e-01
1.273224423017090545e-01
1.282538068838294520e-01
1.291903590094249932e-01
1.301321151927234132e-01
1.310790919287215528e-01
1.320313056929731110e-01
1.329887729413804509e-01
1.339515101099933991e-01
1.349195336148107383e-01
1.358928598515892761e-01
1.368715051956567452e-01
1.378554860017300876e-01
1.388448186037401777e-01
1.398395193146608484e-01
1.408396044263439117e-01
1.418450902093597865e-01
1.428559929128433992e-01
1.438723287643462745e-01
1.448941139696933167e-01
1.459213647128470293e-01
1.469540971557752873e-01
1.479923274383271592e-01
1.490360716781132799e-01
1.500853459703922199e-01
1.511401663879635426e-01
1.522005489810663581e-01
1.532665097772840657e-01
1.543380647814554807e-01
1.554152299755916233e-01
1.564980213187995017e-01
1.575864547472111410e-01
1.586805461739200784e-01
1.597803114889228826e-01
1.608857665590689712e-01
1.619969272280148420e-01
1.631138093161861313e-01
1.642364286207458335e-01
1.653648009155688769e-01
1.664989419512238888e-01
1.676388674549608437e-01
1.687845931307061509e-01
1.699361346590646804e-01
1.710935076973270907e-01
1.722567278794857049e-01
1.734258108162567424e-01
1.746007720951089637e-01
1.757816272802997792e-01
1.769683919129181049e-01
1.781610815109347934e-01
1.793597115692591171e-01
1.805642975598034383e-01
1.817748549315543471e-01
1.829913991106512927e-01
1.842139455004724313e-01
1.854425094817272746e-01
1.866771064125575808e-01
1.879177516286446581e-01
1.891644604433246057e-01
1.904172481477107159e-01
1.916761300108233701e-01
1.929411212797271236e-01
1.942122371796758951e-01
1.954894929142654281e-01
1.967729036655932462e-01
1.980624845944257972e-01
1.993582508403741738e-01
2.006602175220768836e-01
2.019683997373903361e-01
2.032828125635872674e-01
2.046034710575624360e-01
2.059303902560472022e-01
2.072635851758307390e-01
2.086030708139891554e-01
2.099488621481236661e-01
2.113009741366057570e-01
2.126594217188297609e-01
2.140242198154747311e-01
2.153953833287730601e-01
2.167729271427880633e-01
2.181568661236991669e-01
2.195472151200944244e-01
2.209439889632730247e-01
2.223472024675537673e-01
2.237568704305931411e-01
2.251730076337107589e-01
2.265956288422233400e-01
2.280247488057869920e-01
2.294603822587469866e-01
2.309025439204973884e-01
2.323512484958463464e-01
2.338065106753925981e-01
2.352683451359080524e-01
2.367367665407298094e-01
2.382117895401604235e-01
2.396934287718758272e-01
2.411816988613424417e-01
2.426766144222427257e-01
2.441781900569081898e-01
2.456864403567617927e-01
2.472013799027689418e-01
2.487230232658954043e-01
2.502513850075758772e-01
2.517864796801891902e-01
2.533283218275433901e-01
2.548769259853685409e-01
2.564323066818182117e-01
2.579944784379800682e-01
2.595634557683939025e-01
2.611392531815797113e-01
2.627218851805726563e-01
2.643113662634689609e-01
2.659077109239784686e-01
2.675109336519856940e-01
2.691210489341215317e-01
2.707380712543416279e-01
2.723620150945145757e-01
2.739928949350184384e-01
2.756307252553456544e-01
2.772755205347173790e-01
2.789272952527060423e-01
2.805860638898662884e-01
2.822518409283759078e-01
2.839246408526840959e-01
2.856044781501692609e-01
2.872913673118056566e-01
2.889853228328381207e-01
2.906863592134669716e-01
2.923944909595396768e-01
2.941097325832526255e-01
2.958320986038624478e-01
2.975616035484041633e-01
2.992982619524200416e-01
3.010420883606949594e-01
3.027930973280047455e-01
3.045513034198679692e-01
3.063167212133107165e-01
3.080893652976385844e-01
3.098692502752181666e-01
3.116563907622662555e-01
3.134508013896489809e-01
3.152524968036898856e-01
3.170614916669858840e-01
3.188778006592332126e-01
3.207014384780615401e-01
3.225324198398774600e-01
3.243707594807163086e-01
3.262164721571034764e-01
3.280695726469242124e-01
3.299300757503020876e-01
3.317979962904879510e-01
3.336733491147554354e-01
3.355561490953068438e-01
3.374464111301878622e-01
3.393441501442107655e-01
3.412493810898873936e-01
3.431621189483692880e-01
3.450823787303990975e-01
3.470101754772685343e-01
3.489455242617875430e-01
3.508884401892607419e-01
3.528389383984734673e-01
3.547970340626869223e-01
3.567627423906409856e-01
3.587360786275680669e-01
3.607170580562147344e-01
3.627056959978716133e-01
3.647020078134136090e-01
3.667060089043477356e-01
3.687177147138719913e-01
3.707371407279400621e-01
3.727643024763377944e-01
3.747992155337671605e-01
3.768418955209393295e-01
3.788923581056771184e-01
3.809506190040266582e-01
3.830166939813761662e-01
3.850905988535862634e-01
3.871723494881273986e-01
3.892619618052269859e-01
3.913594517790254246e-01
3.934648354387402791e-01
3.955781288698408393e-01
3.976993482152309523e-01
3.998285096764400137e-01
4.019656295148243408e-01
4.041107240527763711e-01
4.062638096749435213e-01
4.084249028294557604e-01
4.105940200291612885e-01
4.127711778528734832e-01
4.149563929466237311e-01
4.171496820249259163e-01
4.193510618720482364e-01
4.215605493432940665e-01
4.237781613662933156e-01
4.260039149423004989e-01
4.282378271475035247e-01
4.304799151343399188e-01
4.327301961328243185e-01
4.349886874518820168e-01
4.372554064806939422e-01
4.395303706900490215e-01
4.418135976337060900e-01
4.441051049497647951e-01
4.464049103620456038e-01
4.487130316814784692e-01
4.510294868075001573e-01
4.533542937294615660e-01
4.556874705280427595e-01
4.580290353766783840e-01
4.603790065429901879e-01
4.627374023902303679e-01
4.651042413787327967e-01
4.674795420673738544e-01
4.698633231150412537e-01
4.722556032821127459e-01
4.746564014319439306e-01
4.770657365323642818e-01
4.794836276571818878e-01
4.819100939876995171e-01
4.843451548142362340e-01
4.867888295376602281e-01
4.892411376709309700e-01
4.917020988406477500e-01
4.941717327886107625e-01
4.966500593733882418e-01
4.991370985718942554e-01
5.016328704809748240e-01
5.041373953190029233e-01
5.066506934274834784e-01
5.091727852726655179e-01
5.117036914471658759e-01
5.142434326715987769e-01
5.167920297962180776e-01
5.193495038025648380e-01
5.219158758051275493e-01
5.244911670530071346e-01
5.270753989315956067e-01
5.296685929642610535e-01
5.322707708140405058e-01
5.348819542853452402e-01
5.375021653256731868e-01
5.401314260273296641e-01
5.427697586291585496e-01
5.454171855182827766e-01
5.480737292318516030e-01
5.507394124587999817e-01
5.534142580416141488e-01
5.560982889781089789e-01
5.587915284232122248e-01
5.614939996907593045e-01
5.642057262552956365e-01
5.669267317538900786e-01
5.696570399879555824e-01
5.723966749250807284e-01
5.751456607008685884e-01
5.779040216207855796e-01
5.806717821620195341e-01
5.834489669753480934e-01
5.862356008870120982e-01
5.890317089006034124e-01
5.918373161989586295e-01
5.946524481460623290e-01
5.974771302889597679e-01
6.003113883596800093e-01
6.031552482771657120e-01
6.060087361492138003e-01
6.088718782744250158e-01
6.117447011441634608e-01
6.146272314445226925e-01
6.175194960583036963e-01
6.204215220670009634e-01
6.233333367527985613e-01
6.262549676005738641e-01
6.291864422999112749e-01
6.321277887471268286e-01
6.350790350472982349e-01
6.380402095163084653e-01
6.410113406828958915e-01
6.439924572907131939e-01
6.469835883003975940e-01
6.499847628916508580e-01
6.529960104653234065e-01
6.560173606455153017e-01
6.590488432816790088e-01
6.620904884507388122e-01
6.651423264592108975e-01
6.682043878453434171e-01
6.712767033812540030e-01
6.743593040750861523e-01
6.774522211731708321e-01
6.805554861621964102e-01
6.836691307713901322e-01
6.867931869747085916e-01
6.899276869930361933e-01
6.930726632963929434e-01
6.962281486061550062e-01
6.993941758972788136e-01
7.025707784005387202e-01
7.057579896047742052e-01
7.089558432591429593e-01
7.121643733753854066e-01
7.153836142301012169e-01
7.186136003670285932e-01
7.218543665993393255e-01
7.251059480119403933e-01
7.283683799637835632e-01
7.316416980901874201e-01
7.349259383051659489e-01
7.382211368037684407e-01
7.415273300644277255e-01
7.448445548513169534e-01
7.481728482167188110e-01
7.515122475033989558e-01
7.548627903469944389e-01
7.582245146784066803e-01
7.615974587262067663e-01
7.649816610190492971e-01
7.683771603880934498e-01
7.717839959694374752e-01
7.752022072065593017e-01
7.786318338527663530e-01
7.820729159736560243e-01
7.855254939495853739e-01
7.889896084781491403e-01
7.924653005766685299e-01
7.959526115846849992e-01
7.994515831664705807e-01
8.029622573135402064e-01
8.064846763471777980e-01
8.100188829209689079e-01
8.135649200233443512e-01
8.171228309801317202e-01
8.206926594571173350e-01
8.242744494626152996e-01
8.278682453500475491e-01
8.314740918205323350e-01
8.350920339254811475e-01
8.387221170692059635e-01
8.423643870115347099e-01
8.460188898704340543e-01
8.496856721246459632e-01
8.533647806163274785e-01
8.570562625537030410e-01
8.607601655137249175e-01
8.644765374447419548e-01
8.682054266691766609e-01
8.719468818862139425e-01
8.757009521744953950e-01
8.794676869948221398e-01
8.832471361928702080e-01
8.870393500019109201e-01
8.908443790455401468e-01
8.946622743404195610e-01
8.984930872990215533e-01
9.023368697323856935e-01
9.061936738528838520e-01
9.100635522769928709e-01
9.139465580280742296e-01
9.178427445391641459e-01
9.217521656557730036e-01
9.256748756386876664e-01
9.296109291667897789e-01
9.335603813398747342e-01
9.375232876814835192e-01
9.414997041417393353e-01
9.454896871001976510e-01
9.494932933686954790e-01
9.535105801942163062e-01
9.575416052617595764e-01
9.615864266972166119e-01
9.656451030702578597e-01
9.697176933972231350e-01
9.738042571440227446e-01
9.779048542290452728e-01
9.820195450260723602e-01
9.861483903671997009e-01
9.902914515457675870e-01
9.944487903192947842e-01
9.986204689124255074e-01
1.002806550019876841e+00
1.007007096809394708e+00
1.011222172924721496e+00
1.015451842488563461e+00
1.019696170105566457e+00
1.023955220865303106e+00
1.028229060345257961e+00
1.032517754613828442e+00
1.036821370233319994e+00
1.041139974262959678e+00
1.045473634261907758e+00
1.049822418292276627e+00
1.054186394922156378e+00
1.058565633228646163e+00
1.062960202800889098e+00
1.067370173743113160e+00
1.071795616677680307e+00
1.076236602748134041e+00
1.080693203622257181e+00
1.085165491495134749e+00
1.089653539092214851e+00
1.094157419672382447e+00
1.098677207031032443e+00
1.103212975503146120e+00
1.107764799966374669e+00
1.112332755844125831e+00
1.116916919108651429e+00
1.121517366284139339e+00
1.126134174449812786e+00
1.130767421243027426e+00
1.135417184862373308e+00
1.140083544070779054e+00
1.144766578198620488e+00
1.149466367146829038e+00
1.154182991390003021e+00
1.158916531979521825e+00
1.163667070546661186e+00
1.168434689305706931e+00
1.173219471057076913e+00
1.178021499190437194e+00
1.182840857687822433e+00
1.187677631126754729e+00
1.192531904683366673e+00
1.197403764135519300e+00
1.202293295865924483e+00
1.207200586865261549e+00
1.212125724735301890e+00
1.217068797692021587e+00
1.222029894568722908e+00
1.227009104819146712e+00
1.232006518520587512e+00
1.237022226377006984e+00
1.242056319722138147e+00
1.247108890522599767e+00
1.252180031380992764e+00
1.257269835539005065e+00
1.262378396880507347e+00
1.267505809934645900e+00
1.272652169878931705e+00
1.277817572542325308e+00
1.283002114408314576e+00
1.288205892617991344e+00
1.293429004973117635e+00
1.298671549939189651e+00
1.303933626648492883e+00
1.309215334903153893e+00
1.314516775178180774e+00
1.319838048624497828e+00
1.325179257071976702e+00
1.330540503032450195e+00
1.335921889702727183e+00
1.341323520967590888e+00
1.346745501402791811e+00
1.352187936278029579e+00
1.357650931559925445e+00
1.363134593914980819e+00
1.368639030712529570e+00
1.374164350027673676e+00
1.379710660644209552e+00
1.385278072057541277e+00
1.390866694477580268e+00
1.396476638831632311e+00
1.402108016767267484e+00
1.407760940655179427e+00
1.413435523592027510e+00
1.419131879403262797e+00
1.424850122645939798e+00
1.430590368611506902e+00
1.436352733328585041e+00
1.442137333565728596e+00
1.447944286834160099e+00
1.453773711390492052e+00
1.459625726239433874e+00
1.465500451136465321e+00
1.471398006590501240e+00
1.477318513866530125e+00
1.483262094988227364e+00
1.489228872740553600e+00
1.495218970672323122e+00
1.501232513098750276e+00
1.507269625103971000e+00
1.513330432543539050e+00
1.519415062046897358e+00
1.525523641019822518e+00
1.531656297646837306e+00
1.537813160893600983e+00
1.543994360509267860e+00
1.550200027028816985e+00
1.556430291775346531e+00
1.562685286862348200e+00
1.568965145195936328e+00
1.575270000477054788e+00
1.581599987203643698e+00
1.587955240672773050e+00
1.594335896982745693e+00
1.600742093035155467e+00
1.607173966536919352e+00
1.613631656002258330e+00
1.620115300754656040e+00
1.626625040928761701e+00
1.633161017472260834e+00
1.639723372147709801e+00
1.646312247534311490e+00
1.652927787029668139e+00
1.659570134851471312e+00
1.666239436039163024e+00
1.672935836455534453e+00
1.679659482788293579e+00
1.686410522551571978e+00
1.693189104087390540e+00
1.699995376567068561e+00
1.706829489992588655e+00
1.713691595197901707e+00
1.720581843850186532e+00
1.727500388451046032e+00
1.734447382337656052e+00
1.741422979683852290e+00
1.748427335501162139e+00
1.755460605639774796e+00
1.762522946789454314e+00
1.769614516480388700e+00
1.776735473083977501e+00
1.783885975813557456e+00
1.791066184725059074e+00
1.798276260717600827e+00
1.805516365534014289e+00
1.812786661761298657e+00
1.820087312831011328e+00
1.827418483019578765e+00
1.834780337448542520e+00
1.842173042084724655e+00
1.849596763740324556e+00
1.857051670072932703e+00
1.864537929585468934e+00
1.872055711626044783e+00
1.879605186387738769e+00
1.887186524908295304e+00
1.894799899069731897e+00
1.902445481597869970e+00
1.910123446061777752e+00
1.917833966873115248e+00
1.925577219285403929e+00
1.933353379393194738e+00
1.941162624131146819e+00
1.949005131273011004e+00
1.956881079430521142e+00
1.964790648052183508e+00
1.972734017421970520e+00
1.980711368657905869e+00
1.988722883710563494e+00
1.996768745361444219e+00
2.004849137221257571e+00
2.012964243728096125e+00
2.021114250145494839e+00
2.029299342560386687e+00
2.037519707880939723e+00
2.045775533834281568e+00
2.054067008964113317e+00
2.062394322628193777e+00
2.070757664995720226e+00
2.079157227044569733e+00
2.087593200558429896e+00
2.096065778123803458e+00
2.104575153126879261e+00
2.113121519750277066e+00
2.121705072969665373e+00
2.130326008550241568e+00
2.138984523043081509e+00
2.147680813781346121e+00
2.156415078876356528e+00
2.165187517213524870e+00
2.173998328448142558e+00
2.182847713001023315e+00
2.191735872054001888e+00
2.200663007545283101e+00
2.209629322164635923e+00
2.218635019348443205e+00
2.227680303274587992e+00
2.236765378857187514e+00
2.245890451741164195e+00
2.255055728296663897e+00
2.264261415613296968e+00
2.273507721494223421e+00
2.282794854450070687e+00
2.292123023692677730e+00
2.301492439128662415e+00
2.310903311352826339e+00
2.320355851641370482e+00
2.329850271944942985e+00
2.339386784881494652e+00
2.348965603728959906e+00
2.358586942417745913e+00
2.368251015523039626e+00
2.377958038256916762e+00
2.387708226460263372e+00
2.397501796594504242e+00
2.407338965733127445e+00
2.417219951553008617e+00
2.427144972325548267e+00
2.437114246907581716e+00
2.447127994732101186e+00
2.457186435798754953e+00
2.467289790664146665e+00
2.477438280431914386e+00
2.487632126742586269e+00
2.497871551763237274e+00
2.508156778176904300e+00
2.518488029171785048e+00
2.528865528430216170e+00
2.539289500117413834e+00
2.549760168869991350e+00
2.560277759784235663e+00
2.570842498404152465e+00
2.581454610709278619e+00
2.592114323102238771e+00
2.602821862396073715e+00
2.613577455801315175e+00
2.624381330912814114e+00
2.635233715696321255e+00
2.646134838474806017e+00
2.657084927914537431e+00
2.668084213010884831e+00
2.679132923073877848e+00
2.690231287713492403e+00
2.701379536824670691e+00
2.712577900572089806e+00
2.723826609374636831e+00
2.735125893889625015e+00
2.746475984996743502e+00
2.757877113781709522e+00
2.769329511519652787e+00
2.780833409658229449e+00
2.792389039800420747e+00
2.803996633687083406e+00
2.815656423179180301e+00
2.827368640239736219e+00
2.839133516915495647e+00
2.850951285318290118e+00
2.862822177606100915e+00
2.874746425963822460e+00
2.886724262583727718e+00
2.898755919645632062e+00
2.910841629296740063e+00
2.922981623631192072e+00
2.935176134669302161e+00
2.947425394336471882e+00
2.959729634441802482e+00
2.972089086656387380e+00
2.984503982491275131e+00
2.996974553275129516e+00
3.009501030131550792e+00
3.022083643956084753e+00
3.034722625392897832e+00
3.047418204811131570e+00
3.060170612280913804e+00
3.072980077549061217e+00
3.085846830014423059e+00
3.098771098702913562e+00
3.111753112242185093e+00
3.124793098835989102e+00
3.137891286238174260e+00
3.151047901726359513e+00
3.164263172075257646e+00
3.177537323529661339e+00
3.190870581777077941e+00
3.204263171920026299e+00
3.217715318447974759e+00
3.231227245208949217e+00
3.244799175380773448e+00
3.258431331441971945e+00
3.272123935142319251e+00
3.285877207473035799e+00
3.299691368636632927e+00
3.313566638016403498e+00
3.327503234145559929e+00
3.341501374676020486e+00
3.355561276346835875e+00
3.369683154952269888e+00
3.383867225309512783e+00
3.398113701226049166e+00
3.412422795466668379e+00
3.426794719720113402e+00
3.441229684565388247e+00
3.455727899437690986e+00
3.470289572594011052e+00
3.484914911078358823e+00
3.499604120686647946e+00
3.514357405931222367e+00
3.529174970005023226e+00
3.544057014745425782e+00
3.559003740597692200e+00
3.574015346578107710e+00
3.589092030236741948e+00
3.604233987619877233e+00
3.619441413232084681e+00
3.634714499997955262e+00
3.650053439223490681e+00
3.665458420557149211e+00
3.680929631950552672e+00
3.696467259618852808e+00
3.712071488000765029e+00
3.727742499718271763e+00
3.743480475535983398e+00
3.759285594320180834e+00
3.775158032997523172e+00
3.791097966513443662e+00
3.807105567790207257e+00
3.823181007684672394e+00
3.839324454945712617e+00
3.855536076171349524e+00
3.871816035765573094e+00
3.888164495894838257e+00
3.904581616444291470e+00
3.921067554973678426e+00
3.937622466672968891e+00
3.954246504317691091e+00
3.970939818223987228e+00
3.987702556203376769e+00
4.004534863517258181e+00
4.021436882831143755e+00
4.038408754168614223e+00
4.055450614865025116e+00
4.072562599520963111e+00
4.089744839955445244e+00
4.106997465158883642e+00
4.124320601245798024e+00
4.141714371407329232e+00
4.159178895863496983e+00
4.176714291815251556e+00
4.194320673396329191e+00
4.211998151624878339e+00
4.229746834354905616e+00
4.247566826227535230e+00
4.265458228622069470e+00
4.283421139606890193e+00
4.301455653890196018e+00
4.319561862770562755e+00
4.337739854087368840e+00
4.355989712171081329e+00
4.374311517793393556e+00
4.392705348117251773e+00
4.411171276646762784e+00
4.429709373176994980e+00
4.448319703743679909e+00
4.467002330572833024e+00
4.485757312030290933e+00
4.504584702571186483e+00
4.523484552689360783e+00
4.542456908866737919e+00
4.561501813522653492e+00
4.580619304963169824e+00
4.599809417330356531e+00
4.619072180551600404e+00
4.638407620288894861e+00
4.657815757888152497e+00
4.677296610328579796e+00
4.696850190172054518e+00
4.716476505512581241e+00
4.736175559925827727e+00
4.755947352418712804e+00
4.775791877379111483e+00
4.795709124525656897e+00
4.815699078857671900e+00
4.835761720605226799e+00
4.855897025179341853e+00
4.876104963122362079e+00
4.896385500058506146e+00
4.916738596644589343e+00
4.937164208520973929e+00
4.957662286262712215e+00
4.978232775330953430e+00
4.998875616024569091e+00
5.019590743432062574e+00
5.040378087383743377e+00
5.061237572404206908e+00
5.082169117665113589e+00
5.103172636938303697e+00
5.124248038549235496e+00
5.145395225330807953e+00
5.166614094577534289e+00
5.187904538000109866e+00
5.209266441680390436e+00
5.230699686026794026e+00
5.252204145730144269e+00
5.273779689719950703e+00
5.295426181121204223e+00
5.317143477211607738e+00
5.338931429379366378e+00
5.360789883081475971e+00
5.382718677802553309e+00
5.404717647014241955e+00
5.426786618135182039e+00
5.448925412491584908e+00
5.471133845278416175e+00
5.493411725521218258e+00
5.515758856038558200e+00
5.538175033405188685e+00
5.560660047915852111e+00
5.583213683549804962e+00
5.605835717936069607e+00
5.628525922319420616e+00
5.651284061527128699e+00
5.674109893936478244e+00
5.697003171443103753e+00
5.719963639430093671e+00
5.742991036737985056e+00
5.766085095635554936e+00
5.789245541791518512e+00
5.812472094247089771e+00
5.835764465389458699e+00
5.859122360926193984e+00
5.882545479860580073e+00
5.906033514467918799e+00
5.929586150272804446e+00
5.953203066027402457e+00
5.976883933690730899e+00
6.000628418408972209e+00
6.024436178496856975e+00
6.048306865420087775e+00
6.072240123778840371e+00
6.096235591292416878e+00
6.120292898784950530e+00
6.144411670172284623e+00
6.168591522450007858e+00
6.192832065682639886e+00
6.217132902993997234e+00
6.241493630558788475e+00
6.265913837595401326e+00
6.290393106359934983e+00
6.314931012141483890e+00
6.339527123258661412e+00
6.364181001057450437e+00
6.388892199910294778e+00
6.413660267216544142e+00
6.438484743404192301e+00
6.463365161932964398e+00
6.488301049298758727e+00
6.513291925039457197e+00
6.538337301742082275e+00
6.563436685051391883e+00
6.588589573679843880e+00
6.613795459418981615e+00
6.639053827152268994e+00
6.664364154869312884e+00
6.689725913681604297e+00
6.715138567839655792e+00
6.740601574751649672e+00
6.766114385003549891e+00
6.791676442380699008e+00
6.817287183890942792e+00
6.842946039789204349e+00
6.868652433603649854e+00
6.894405782163299357e+00
6.920205495627232750e+00
6.946050977515281666e+00
6.971941624740298771e+00
6.997876827641960951e+00
7.023855970022121475e+00
7.049878429181728912e+00
7.075943575959307452e+00
7.102050774771002217e+00
7.128199383652193077e+00
7.154388754300666342e+00
7.180618232121399380e+00
7.206887156272864914e+00
7.233194859714958014e+00
7.259540669258483625e+00
7.285923905616201957e+00
7.312343883455480587e+00
7.338799911452491109e+00
7.365291292347994734e+00
7.391817323004700846e+00
7.418377294466158567e+00
7.444970492017255914e+00
7.471596195246246630e+00
7.498253678108321552e+00
7.524942208990757386e+00
7.551661050779578943e+00
7.578409460927758801e+00
7.605186691524952636e+00
7.631991989368742679e+00
7.658824596037383969e+00
7.685683747964060508e+00
7.712568676512624677e+00
7.739478608054811026e+00
7.766412764048910233e+00
7.793370361119918321e+00
7.820350611141101638e+00
7.847352721316997126e+00
7.874375894267839016e+00
7.901419328115359519e+00
7.928482216569991081e+00
7.955563749019439079e+00
7.982663110618573477e+00
8.009779482380698923e+00
8.036912041270097617e+00
8.064059960295914209e+00
8.091222408607253058e+00
8.118398551589606882e+00
8.145587550962471113e+00
8.172788564878199935e+00
8.200000748022034713e+00
8.227223251713335017e+00
8.254455224007930525e+00
8.281695809801620456e+00
8.308944150934767237e+00
8.336199386297954206e+00
8.363460651938728674e+00
8.390727081169348622e+00
8.417997804675525941e+00
8.445271950626162649e+00
8.472548644784033911e+00
8.499827010617366341e+00
8.527106169412340009e+00
8.554385240386430667e+00
8.581663340802595741e+00
8.608939586084257911e+00
8.636213089931077391e+00
8.663482964435452516e+00
8.690748320199736199e+00
8.718008266454138067e+00
8.745261911175274960e+00
8.772508361205341387e+00
8.799746722371853735e+00
8.826976099607970028e+00
8.854195597073301727e+00
8.881404318275217591e+00
8.908601366190634252e+00
8.935785843388163840e+00
8.962956852150695042e+00
8.990113494598290345e+00
9.017254872811436783e+00
9.044380088954516950e+00
9.071488245399592643e+00
9.098578444850312863e+00
9.125649790466091815e+00
9.152701385986336646e+00
9.179732335854826175e+00
9.206741745344134031e+00
9.233728720680081992e+00
9.260692369166193316e+00
9.287631799308076808e+00
9.314546120937775342e+00
9.341434445337938541e+00
9.368295885365885312e+00
9.395129555577462099e+00
9.421934572350650683e+00
9.448710054008966353e+00
9.475455120944488385e+00
9.502168895740602750e+00
9.528850503294355789e+00
9.555499070938390460e+00
9.582113728562449140e+00
9.608693608734393266e+00
9.635237846820704277e+00
9.661745581106419678e+00
9.688215952914505991e+00
9.714648106724585119e+00
9.741041190291024776e+00
9.767394354760307706e+00
9.793706754787717017e+00
9.819977548653197275e+00
9.846205898376496179e+00
9.872390969831414509e+00
9.898531932859235383e+00
9.924627961381219166e+00
9.950678233510242165e+00
9.976681931661387281e+00
1.000263824266159496e+01
1.002854635785833537e+01
1.005440547322710287e+01
1.008021478947796723e+01
1.010597351216092932e+01
1.013168085177014888e+01
1.015733602384702294e+01
1.018293824908205458e+01
1.020848675341547818e+01
1.023398076813666080e+01
1.025941952998219797e+01
1.028480228123272866e+01
1.031012826980838604e+01
1.033539674936290886e+01
1.036060697937637265e+01
1.038575822524651926e+01
1.041084975837863169e+01
1.043588085627398421e+01
1.046085080261681100e+01
1.048575888735977379e+01
1.051060440680791253e+01
1.053538666370107890e+01
1.056010496729478199e+01
1.058475863343950074e+01
1.060934698465834636e+01
1.063386935022318625e+01
1.065832506622908760e+01
1.068271347566712492e+01
1.070703392849558355e+01
1.073128578170937963e+01
1.075546839940793298e+01
1.077958115286121732e+01
1.080362342057418523e+01
1.082759458834941491e+01
1.085149404934805162e+01
1.087532120414898174e+01
1.089907546080630141e+01
1.092275623490493253e+01
1.094636294961456713e+01
1.096989503574175373e+01
1.099335193178024461e+01
1.101673308395953654e+01
1.104003794629159962e+01
1.106326598061584576e+01
1.108641665664222842e+01
1.110948945199260685e+01
1.113248385224021497e+01
1.115539935094742319e+01
1.117823544970157990e+01
1.120099165814909448e+01
1.122366749402772079e+01
1.124626248319698618e+01
1.126877615966683521e+01
1.129120806562444024e+01
1.131355775145925335e+01
1.133582477578621273e+01
1.135800870546714947e+01
1.138010911563046790e+01
1.140212558968891621e+01
1.142405771935572290e+01
1.144590510465885380e+01
1.146766735395352121e+01
1.148934408393299478e+01
1.151093491963758098e+01
1.153243949446192573e+01
1.155385745016054777e+01
1.157518843685168441e+01
1.159643211301940191e+01
1.161758814551404484e+01
1.163865620955093938e+01
1.165963598870750495e+01
1.168052717491864811e+01
1.170132946847053113e+01
1.172204257799270621e+01
1.174266622044866004e+01
1.176320012112471325e+01
1.178364401361736746e+01
1.180399763981907491e+01
1.182426074990246079e+01
1.184443310230299318e+01
1.186451446370016782e+01
1.188450460899713335e+01
1.190440332129892731e+01
1.192421039188914733e+01
1.194392562020525084e+01
1.196354881381239821e+01
1.198307978837590149e+01
1.200251836763225555e+01
1.202186438335887253e+01
1.204111767534239341e+01
1.206027809134570461e+01
1.207934548707370048e+01
1.209831972613766737e+01
1.211720068001847395e+01
1.213598822802853228e+01
1.215468225727249063e+01
1.217328266260674496e+01
1.219178934659781710e+01
1.221020221947956053e+01
1.222852119910919733e+01
1.224674621092231597e+01
1.226487718788676062e+01
1.228291407045543870e+01
1.230085680651813362e+01
1.231870535135230504e+01
1.233645966757282153e+01
1.235411972508085832e+01
1.237168550101176656e+01
1.238915697968201357e+01
1.240653415253529346e+01
1.242381701808773897e+01
1.244100558187224870e+01
1.245809985638206818e+01
1.247509986101350954e+01
1.249200562200790543e+01
1.250881717239285429e+01
1.252553455192268395e+01
1.254215780701823668e+01
1.255868699070599881e+01
1.257512216255650905e+01
1.259146338862220560e+01
1.260771074137461234e+01
1.262386429964096379e+01
1.263992414854026691e+01
1.265589037941879624e+01
1.267176308978512012e+01
1.268754238324458150e+01
1.270322836943335254e+01
1.271882116395200057e+01
1.273432088829865805e+01
1.274972766980176786e+01
1.276504164155247345e+01
1.278026294233661986e+01
1.279539171656643504e+01
1.281042811421186123e+01
1.282537229073168383e+01
1.284022440700424639e+01
1.285498462925803587e+01
1.286965312900198732e+01
1.288423008295554162e+01
1.289871567297859833e+01
1.291311008600122534e+01
1.292741351395321914e+01
1.294162615369359770e+01
1.295574820693992102e+01
1.296977988019751571e+01
1.298372138468869608e+01
1.299757293628183419e+01
1.301133475542047258e+01
1.302500706705237121e+01
1.303859010055858825e+01
1.305208408968254297e+01
1.306548927245912672e+01
1.307880589114390091e+01
1.309203419214228425e+01
1.310517442593892845e+01
1.311822684702709019e+01
1.313119171383819861e+01
1.314406928867151514e+01
1.315685983762397449e+01
1.316956363052012868e+01
1.318218094084234515e+01
1.319471204566116285e+01
1.320715722556582428e+01
1.321951676459508285e+01
1.323179095016822338e+01
1.324398007301632951e+01
1.325608442711377499e+01
1.326810430961010390e+01
1.328004002076202816e+01
1.329189186386588339e+01
1.330366014519030493e+01
1.331534517390925032e+01
1.332694726203534330e+01
1.333846672435359793e+01
1.334990387835546066e+01
1.336125904417322907e+01
1.337253254451484885e+01
1.338372470459911412e+01
1.339483585209123362e+01
1.340586631703881793e+01
1.341681643180828942e+01
1.342768653102167775e+01
1.343847695149392152e+01
1.344918803217049863e+01
1.345982011406563394e+01
1.347037354020083733e+01
1.348084865554401190e+01
1.349124580694894426e+01
1.350156534309533995e+01
1.351180761442928713e+01
1.352197297310427082e+01
1.353206177292259227e+01
1.354207436927739749e+01
1.355201111909515888e+01
1.356187238077859725e+01
1.357165851415031987e+01
1.358136988039673732e+01
1.359100684201270681e+01
1.360056976274657892e+01
1.361005900754585518e+01
1.361947494250334323e+01
1.362881793480386960e+01
1.363808835267155217e+01
1.364728656531759832e+01
1.365641294288864849e+01
1.366546785641574324e+01
1.367445167776374326e+01
1.368336477958138886e+01
1.369220753525190659e+01
1.370098031884415235e+01
1.370968350506436195e+01
1.371831746920842932e+01
1.372688258711477260e+01
1.373537923511779013e+01
1.374380779000184383e+01
1.375216862895584669e+01
1.376046212952844527e+01
1.376868866958367654e+01
1.377684862725734938e+01
1.378494238091385782e+01
1.379297030910364796e+01
1.380093279052124977e+01
1.380883020396385241e+01
1.381666292829047293e+01
1.382443134238170401e+01
1.383213582510000883e+01
1.383977675525060924e+01
1.384735451154293351e+01
1.385486947255264134e+01
1.386232201668415343e+01
1.386971252213388084e+01
1.387704136685385237e+01
1.388430892851606124e+01
1.389151558447722223e+01
1.389866171174421439e+01
1.390574768693999097e+01
1.391277388627010403e+01
1.391974068548971388e+01
1.392664845987122213e+01
1.393349758417239315e+01
1.394028843260503514e+01
1.394702137880423365e+01
1.395369679579810551e+01
1.396031505597811595e+01
1.396687653106986993e+01
1.397338159210449859e+01
1.397983060939053779e+01
1.398622395248631989e+01
1.399256199017290569e+01
1.399884509042752256e+01
1.400507362039751946e+01
1.401124794637480520e+01
1.401736843377082486e+01
1.402343544709204259e+01
1.402944934991588077e+01
1.403541050486716202e+01
1.404131927359507692e+01
1.404717601675062255e+01
1.405298109396449391e+01
1.405873486382548343e+01
1.406443768385932813e+01
1.407008991050809144e+01
1.407569189910989671e+01
1.408124400387924702e+01
1.408674657788770723e+01
1.409219997304508531e+01
1.409760454008105590e+01
1.410296062852722798e+01
1.410826858669963890e+01
1.411352876168171555e+01
1.411874149930760680e+01
1.412390714414604176e+01
1.412902603948449709e+01
1.413409852731386707e+01
1.413912494831350841e+01
1.414410564183671504e+01
1.414904094589659067e+01
1.415393119715226788e+01
1.415877673089566002e+01
1.416357788103843163e+01
1.416833498009951775e+01
1.417304835919287953e+01
1.417771834801578557e+01
1.418234527483730822e+01
1.418692946648733155e+01
1.419147124834585227e+01
1.419597094433262185e+01
1.420042887689721312e+01
1.420484536700936218e+01
1.420922073414973141e+01
1.421355529630093528e+01
1.421784936993897297e+01
1.422210327002496832e+01
1.422631730999721711e+01
1.423049180176358242e+01
1.423462705569422404e+01
1.423872338061459963e+01
1.424278108379880692e+01
1.424680047096325275e+01
1.425078184626054778e+01
1.425472551227382212e+01
1.425863177001117954e+01
1.426250091890059224e+01
1.426633325678498743e+01
1.427012907991762702e+01
1.427388868295779467e+01
1.427761235896673675e+01
1.428130039940387164e+01
1.428495309412326009e+01
1.428857073137031541e+01
1.429215359777884764e+01
1.429570197836826040e+01
1.429921615654105338e+01
1.430269641408055392e+01
1.430614303114889019e+01
1.430955628628520770e+01
1.431293645640407952e+01
1.431628381679419881e+01
1.431959864111727754e+01
1.432288120140712628e+01
1.432613176806900057e+01
1.432935060987914788e+01
1.433253799398453410e+01
1.433569418590279199e+01
1.433881944952242193e+01
1.434191404710309747e+01
1.434497823927621596e+01
1.434801228504563220e+01
1.435101644178862479e+01
1.435399096525693174e+01
1.435693610957807920e+01
1.435985212725683979e+01
1.436273926917685984e+01
1.436559778460244274e+01
1.436842792118055101e+01
1.437122992494292539e+01
1.437400404030835155e+01
1.437675051008515581e+01
1.437946957547374893e+01
1.438216147606941853e+01
1.438482644986520143e+01
1.438746473325492126e+01
1.439007656103639299e+01
1.439266216641471097e+01
1.439522178100569683e+01
1.439775563483950727e+01
1.440026395636431289e+01
1.440274697245016000e+01
1.440520490839291590e+01
1.440763798791833850e+01
1.441004643318626854e+01
1.441243046479495149e+01
1.441479030178543930e+01
1.441712616164613969e+01
1.441943826031740272e+01
1.442172681219632224e+01
1.442399203014150544e+01
1.442623412547805017e+01
1.442845330800255255e+01
1.443064978598824233e+01
1.443282376619017526e+01
1.443497545385056746e+01
1.443710505270414401e+01
1.443921276498361372e+01
1.444129879142524864e+01
1.444336333127448135e+01
1.444540658229160712e+01
1.444742874075759076e+01
1.444943000147988599e+01
1.445141055779836847e+01
1.445337060159132925e+01
1.445531032328150367e+01
1.445722991184220341e+01
1.445912955480348394e+01
1.446100943825840979e+01
1.446286974686928772e+01
1.446471066387405990e+01
1.446653237109269696e+01
1.446833504893363731e+01
1.447011887640029038e+01
1.447188403109759669e+01
1.447363068923860574e+01
1.447535902565112664e+01
1.447706921378440015e+01
1.447876142571581681e+01
1.448043583215770091e+01
1.448209260246405172e+01
1.448373190463744820e+01
1.448535390533583822e+01
1.448695876987950548e+01
1.448854666225794929e+01
1.449011774513684792e+01
1.449167217986507339e+01
1.449321012648166018e+01
1.449473174372286977e+01
1.449623718902923386e+01
1.449772661855264921e+01
1.449920018716346348e+01
1.450065804845757711e+01
1.450210035476363224e+01
1.450352725715011815e+01
1.450493890543254594e+01
1.450633544818067477e+01
1.450771703272561375e+01
1.450908380516714047e+01
1.451043591038081715e+01
1.451177349202528077e+01
1.451309669254944090e+01
1.451440565319973430e+01
1.451570051402736183e+01
1.451698141389554131e+01
1.451824849048675148e+01
1.451950188030999023e+01
1.452074171870804520e+01
1.452196813986472002e+01
1.452318127681212268e+01
1.452438126143787755e+01
1.452556822449242446e+01
1.452674229559621821e+01
1.452790360324702945e+01
1.452905227482712291e+01
1.453018843661050674e+01
1.453131221377019244e+01
1.453242373038535540e+01
1.453352310944860193e+01
1.453461047287311025e+01
1.453568594149986204e+01
1.453674963510479223e+01
1.453780167240598153e+01
1.453884217107077426e+01
1.453987124772296013e+01
1.454088901794986555e+01
1.454189559630948736e+01
1.454289109633757171e+01
1.454387563055472121e+01
1.454484931047342400e+01
1.454581224660513961e+01
1.454676454846729960e+01
1.454770632459031354e+01
1.454863768252462464e+01
1.454955872884758961e+01
1.455046956917050593e+01
1.455137030814551835e+01
1.455226104947251997e+01
1.455314189590606588e+01
1.455401294926223166e+01
1.455487431042546298e+01
1.455572607935540397e+01
1.455656835509367752e+01
1.455740123577069944e+01
1.455822481861240192e+01
1.455903919994696594e+01
1.455984447521153946e+01
1.456064073895890409e+01
1.456142808486414175e+01
1.456220660573124803e+01
1.456297639349973672e+01
1.456373753925121939e+01
1.456449013321594954e+01
1.456523426477933114e+01
1.456597002248845385e+01
1.456669749405849146e+01
1.456741676637920690e+01
1.456812792552129210e+01
1.456883105674282142e+01
1.456952624449553468e+01
1.457021357243120185e+01
1.457089312340790244e+01
1.457156497949627649e+01
1.457222922198578274e+01
1.457288593139086785e+01
1.457353518745716947e+01
1.457417706916763045e+01
1.457481165474864504e+01
1.457543902167609851e+01
1.457605924668144581e+01
1.457667240575771572e+01
1.457727857416550421e+01
1.457787782643892172e+01
1.457847023639153505e+01
1.457905587712222406e+01
1.457963482102108621e+01
1.458020713977524352e+01
1.458077290437461926e+01
1.458133218511773421e+01
1.458188505161743187e+01
1.458243157280655744e+01
1.458297181694365285e+01
1.458350585161857360e+01
1.458403374375808781e+01
1.458455555963147177e+01
1.458507136485601308e+01
1.458558122440254223e+01
1.458608520260088071e+01
1.458658336314530857e+01
1.458707576909993797e+01
1.458756248290411328e+01
1.458804356637773836e+01
1.458851908072657366e+01
1.458898908654755289e+01
1.458945364383395571e+01
1.458991281198068179e+01
1.459036664978940223e+01
1.459081521547367544e+01
1.459125856666412346e+01
1.459169676041342001e+01
1.459212985320141698e+01
1.459255790094010941e+01
1.459298095897863412e+01
1.459339908210819026e+01
1.459381232456699351e+01
1.459422074004511671e+01
1.459462438168936416e+01
1.459502330210806775e+01
1.459541755337589741e+01
1.459580718703856128e+01
1.459619225411759302e+01
1.459657280511496147e+01
1.459694889001780638e+01
1.459732055830297170e+01
1.459768785894166321e+01
1.459805084040397638e+01
1.459840955066341550e+01
1.459876403720140203e+01
1.459911434701172439e+01
1.459946052660498239e+01
1.459980262201295353e+01
1.460014067879299660e+01
1.460047474203236639e+01
1.460080485635250014e+01
1.460113106591333221e+01
1.460145341441749700e+01
1.460177194511453891e+01
1.460208670080512761e+01
1.460239772384516144e+01
1.460270505614990810e+01
1.460300873919809206e+01
1.460330881403591796e+01
1.460360532128115096e+01
1.460389830112706733e+01
1.460418779334642991e+01
1.460447383729542814e+01
1.460475647191756998e+01
1.460503573574756864e+01
1.460531166691519900e+01
1.460558430314906353e+01
1.460585368178043986e+01
1.460611983974699513e+01
1.460638281359652346e+01
1.460664263949065145e+01
1.460689935320849031e+01
1.460715299015030588e+01
1.460740358534108729e+01
1.460765117343417252e+01
1.460789578871476202e+01
1.460813746510348388e+01
1.460837623615985947e+01
1.460861213508579404e+01
1.460884519472901388e+01
1.460907544758645749e+01
1.460930292580770562e+01
1.460952766119829782e+01
1.460974968522309680e+01
1.460996902900956940e+01
1.461018572335107635e+01
1.461039979871011241e+01
1.461061128522155528e+01
1.461082021269582398e+01
1.461102661062207986e+01
1.461123050817136360e+01
1.461143193419970210e+01
1.461163091725121888e+01
1.461182748556119471e+01
1.461202166705909100e+01
1.461221348937158737e+01
1.461240297982555347e+01
1.461259016545104927e+01
1.461277507298420453e+01
1.461295772887017463e+01
1.461313815926603787e+01
1.461331639004363758e+01
1.461349244679241366e+01
1.461366635482224652e+01
1.461383813916622998e+01
1.461400782458345660e+01
1.461417543556173015e+01
1.461434099632032080e+01
1.461450453081264023e+01
1.461466606272891511e+01
1.461482561549884629e+01
1.461498321229422004e+01
1.461513887603154060e+01
1.461529262937457219e+01
1.461544449473691998e+01
1.461559449428457569e+01
1.461574264993838668e+01
1.461588898337659437e+01
1.461603351603728740e+01
1.461617626912083701e+01
1.461631726359232886e+01
1.461645652018395403e+01
1.461659405939742484e+01
1.461672990150629303e+01
1.461686406655831405e+01
1.461699657437775812e+01
1.461712744456770530e+01
1.461725669651232806e+01
1.461738434937913311e+01
1.461751042212120488e+01
1.461763493347942244e+01
1.461775790198465685e+01
1.461787934595992944e+01
1.461799928352258249e+01
1.461811773258639668e+01
1.461823471086372628e+01
1.461835023586758453e+01
1.461846432491371495e+01
1.461857699512265540e+01
1.461868826342176675e+01
1.461879814654727205e+01
1.461890666104622483e+01
1.461901382327852517e+01
1.461911964941886666e+01
1.461922415545864951e+01
1.461932735720798604e+01
1.461942927029752326e+01
1.461952991018039150e+01
1.461962929213404117e+01
1.461972743126212393e+01
1.461982434249631524e+01
1.461992004059813510e+01
1.462001454016075286e+01
1.462010785561079196e+01
1.462020000121004770e+01
1.462029099105730268e+01
1.462038083909000719e+01
1.462046955908603785e+01
1.462055716466537447e+01
1.462064366929179471e+01
1.462072908627454737e+01
1.462081342876999557e+01
1.462089670978326517e+01
1.462097894216985061e+01
1.462106013863725273e+01
1.462114031174652418e+01
1.462121947391387700e+01
1.462129763741224586e+01
1.462137481437279263e+01
1.462145101678650150e+01
1.462152625650560189e+01
1.462160054524518493e+01
1.462167389458457301e+01
1.462174631596885810e+01
1.462181782071035130e+01
1.462188841999000566e+01
1.462195812485886215e+01
1.462202694623943344e+01
1.462209489492713921e+01
1.462216198159167746e+01
1.462222821677838169e+01
1.462229361090960289e+01
1.462235817428604179e+01
1.462242191708808292e+01
1.462248484937708781e+01
1.462254698109676809e+01
1.462260832207438987e+01
1.462266888202212556e+01
1.462272867053827241e+01
1.462278769710851911e+01
1.462284597110720874e+01
1.462290350179853604e+01
1.462296029833777311e+01
1.462301636977248087e+01
1.462307172504370278e+01
1.462312637298712481e+01
1.462318032233424603e+01
1.462323358171357590e+01
1.462328615965170364e+01
1.462333806457450258e+01
1.462338930480820842e+01
1.462343988858053301e+01
1.462348982402178166e+01
1.462353911916591365e+01
1.462358778195164000e+01
1.462363582022348574e+01
1.462368324173280953e+01
1.462373005413890326e+01
1.462377626500997607e+01
1.462382188182419895e+01
1.462386691197070299e+01
1.462391136275060077e+01
1.462395524137794744e+01
1.462399855498074253e+01
1.462404131060189449e+01
1.462408351520016403e+01
1.462412517565113035e+01
1.462416629874815222e+01
1.462420689120322592e+01
1.462424695964799426e+01
1.462428651063459917e+01
1.462432555063659656e+01
1.462436408604983917e+01
1.462440212319338784e+01
1.462443966831035880e+01
1.462447672756878703e+01
1.462451330706249308e+01
1.462454941281191800e+01
1.462458505076496706e+01
1.462462022679784290e+01
1.462465494671584842e+01
1.462468921625420570e+01
1.462472304107886067e+01
1.462475642678726473e+01
1.462478937890919006e+01
1.462482190290745798e+01
1.462485400417873649e+01
1.462488568805432365e+01
1.462491695980084394e+01
1.462494782462102627e+01
1.462497828765443941e+01
1.462500835397822030e+01
1.462503802860777746e+01
1.462506731649752645e+01
1.462509622254156127e+01
1.462512475157440761e+01
1.462515290837165161e+01
1.462518069765064332e+01
1.462520812407120374e+01
1.462523519223625001e+01
1.462526190669247761e+01
1.462528827193099623e+01
1.462531429238798886e+01
1.462533997244536010e+01
1.462536531643135085e+01
1.462539032862117239e+01
1.462541501323761928e+01
1.462543937445168751e+01
1.462546341638316960e+01
1.462548714310126385e+01
1.462551055862517480e+01
1.462553366692466206e+01
1.462555647192066921e+01
1.462557897748584779e+01
1.462560118744516657e+01
1.462562310557643386e+01
1.462564473561088185e+01
1.462566608123369960e+01
1.462568714608457654e+01
1.462570793375824074e+01
1.462572844780498116e+01
1.462574869173119296e+01
1.462576866899985895e+01
1.462578838303110729e+01
1.462580783720268052e+01
1.462582703485044888e+01
1.462584597926893615e+01
1.462586467371173526e+01
1.462588312139208568e+01
1.462590132548328548e+01
1.462591928911919581e+01
1.462593701539467439e+01
1.462595450736610481e+01
1.462597176805179444e+01
1.462598880043244876e+01
1.462600560745162959e+01
1.462602219201615661e+01
1.462603855699662425e+01
1.462605470522775697e+01
1.462607063950887110e+01
1.462608636260428874e+01
1.462610187724379784e+01
1.462611718612297373e+01
1.462613229190370134e+01
1.462614719721448431e+01
1.462616190465090682e+01
1.462617641677599600e+01
1.462619073612063048e+01
1.462620486518392227e+01
1.462621880643359518e+01
1.462623256230635782e+01
1.462624613520828909e+01
1.462625952751521119e+01
1.462627274157303781e+01
1.462628577969814003e+01
1.462629864417772119e+01
1.462631133727014010e+01
1.462632386120529127e+01
1.462633621818491036e+01
1.462634841038295619e+01
1.462636043994592683e+01
1.462637230899319540e+01
1.462638401961732448e+01
1.462639557388443734e+01
1.462640697383448085e+01
1.462641822148157367e+01
1.462642931881433483e+01
1.462644026779616269e+01
1.462645107036556524e+01
1.462646172843644621e+01
1.462647224389842293e+01
1.462648261861711418e+01
1.462649285443442437e+01
1.462650295316885440e+01
1.462651291661576636e+01
1.462652274654768547e+01
1.462653244471456304e+01
1.462654201284405886e+01
1.462655145264182721e+01
1.462656076579176911e+01
1.462656995395629878e+01
1.462657901877662781e+01
1.462658796187300680e+01
1.462659678484499004e+01
1.462660548927168769e+01
1.462661407671202696e+01
1.462662254870497591e+01
1.462663090676983124e+01
1.462663915240641543e+01
1.462664728709535211e+01
1.462665531229827920e+01
1.462666322945809760e+01
1.462667103999919860e+01
1.462667874532770185e+01
1.462668634683165614e+01
1.462669384588128985e+01
1.462670124382922410e+01
1.462670854201068771e+01
1.462671574174372324e+01
1.462672284432943925e+01
1.462672985105216128e+01
1.462673676317969829e+01
1.462674358196349544e+01
1.462675030863888992e+01
1.462675694442527252e+01
1.462676349052630798e+01
1.462676994813011078e+01
1.462677631840945836e+01
1.462678260252198292e+01
1.462678880161033845e+01
1.462679491680241028e+01
1.462680094921149987e+01
1.462680689993647931e+01
1.462681277006202052e+01
1.462681856065871422e+01
1.462682427278329911e+01
1.462682990747880396e+01
1.462683546577473415e+01
1.462684094868722440e+01
1.462684635721922533e+01
1.462685169236067395e+01
1.462685695508863759e+01
1.462686214636746662e+01
1.462686726714899521e+01
1.462687231837266921e+01
1.462687730096570604e+01
1.462688221584324211e+01
1.462688706390851578e+01
1.462689184605298465e+01
1.462689656315648001e+01
1.462690121608736327e+01
1.462690580570267684e+01
1.462691033284826503e+01
1.462691479835893205e+01
1.462691920305858240e+01
1.462692354776035053e+01
1.462692783326675361e+01
1.462693206036978211e+01
1.462693622985109876e+01
1.462694034248212560e+01
1.462694439902418786e+01
1.462694840022861875e+01
1.462695234683693357e+01
1.462695623958091495e+01
1.462696007918274965e+01
1.462696386635514578e+01
1.462696760180146960e+01
1.462697128621585740e+01
1.462697492028330437e+01
1.462697850467983507e+01
1.462698204007257452e+01
1.462698552711986189e+01
1.462698896647140323e+01
1.462699235876834969e+01
1.462699570464340759e+01
1.462699900472094328e+01
1.462700225961711276e+01
1.462700546993994166e+01
1.462700863628946202e+01
1.462701175925776909e+01
1.462701483942914926e+01
1.462701787738018488e+01
1.462702087367985193e+01
1.462702382888960173e+01
1.462702674356347643e+01
1.462702961824818537e+01
1.462703245348322767e+01
1.462703524980094194e+01
1.462703800772664486e+01
1.462704072777870046e+01
1.462704341046858936e+01
1.462704605630104027e+01
1.462704866577408858e+01
1.462705123937916873e+01
1.462705377760118353e+01
1.462705628091863730e+01
1.462705874980366261e+01
1.462706118472213213e+01
1.462706358613372792e+01
1.462706595449203384e+01
1.462706829024461719e+01
1.462707059383307140e+01
1.462707286569314036e+01
1.462707510625477170e+01
1.462707731594218608e+01
1.462707949517396422e+01
1.462708164436310199e+01
1.462708376391712584e+01
1.462708585423810170e+01
1.462708791572274691e+01
1.462708994876249768e+01
1.462709195374357662e+01
1.462709393104703892e+01
1.462709588104886116e+01
1.462709780412000882e+01
1.462709970062648424e+01
1.462710157092941365e+01
1.462710341538509340e+01
1.462710523434505383e+01
1.462710702815612862e+01
1.462710879716050982e+01
1.462711054169583846e+01
1.462711226209520277e+01
1.462711395868724473e+01
1.462711563179621699e+01
1.462711728174202008e+01
1.462711890884027355e+01
1.462712051340236030e+01
1.462712209573549416e+01
1.462712365614276600e+01
1.462712519492321661e+01
1.462712671237185447e+01
1.462712820877973741e+01
1.462712968443401529e+01
1.462713113961799394e+01
1.462713257461113869e+01
1.462713398968921297e+01
1.462713538512422140e+01
1.462713676118453598e+01
1.462713811813494225e+01
1.462713945623661438e+01
1.462714077574725380e+01
1.462714207692107493e+01
1.462714336000885496e+01
1.462714462525803505e+01
1.462714587291269375e+01
1.462714710321360734e+01
1.462714831639836177e+01
1.462714951270127273e+01
1.462715069235353837e+01
1.462715185558323761e+01
1.462715300261533535e+01
1.462715413367180872e+01
1.462715524897160435e+01
1.462715634873073611e+01
1.462715743316226913e+01
1.462715850247641747e+01
1.462715955688054414e+01
1.462716059657921441e+01
1.462716162177420820e+01
1.462716263266460714e+01
1.462716362944676263e+01
1.462716461231440412e+01
1.462716558145862322e+01
1.462716653706791625e+01
1.462716747932824291e+01
1.462716840842302446e+01
1.462716932453322372e+01
1.462717022783732546e+01
1.462717111851140039e+01
1.462717199672914958e+01
1.462717286266188843e+01
1.462717371647863729e+01
1.462717455834610725e+01
1.462717538842873921e+01
1.462717620688876252e+01
1.462717701388618430e+01
1.462717780957885161e+01
1.462717859412245858e+01
1.462717936767057836e+01
1.462718013037472176e+01
1.462718088238430170e+01
1.462718162384673448e+01
1.462718235490741669e+01
1.462718307570975718e+01
1.462718378639522143e+01
1.462718448710335828e+01
1.462718517797180517e+01
1.462718585913632552e+01
1.462718653073083530e+01
1.462718719288742797e+01
1.462718784573640107e+01
1.462718848940625982e+01
1.462718912402376681e+01
1.462718974971397579e+01
1.462719036660019967e+01
1.462719097480409225e+01
1.462719157444562867e+01
1.462719216564316582e+01
1.462719274851344586e+01
1.462719332317159449e+01
1.462719388973118129e+01
1.462719444830422688e+01
1.462719499900122244e+01
1.462719554193112970e+01
1.462719607720143422e+01
1.462719660491816143e+01
1.462719712518586590e+01
1.462719763810769358e+01
1.462719814378535510e+01
1.462719864231920752e+01
1.462719913380819214e+01
1.462719961834990912e+01
1.462720009604064053e+01
1.462720056697532911e+01
1.462720103124763149e+01
1.462720148894989869e+01
1.462720194017325070e+01
1.462720238500752856e+01
1.462720282354135293e+01
1.462720325586212944e+01
1.462720368205606469e+01
1.462720410220819112e+01
