1.999999999925854866e+01
1.999999999850087917e+01
1.999999999772688142e+01
1.999999999693643815e+01
1.999999999612945345e+01
1.999999999530582429e+01
1.999999999446544052e+01
1.999999999360822045e+01
1.999999999273406104e+01
1.999999999184287347e+01
1.999999999093457248e+01
1.999999999000907636e+01
1.999999998906629628e+01
1.999999998810617186e+01
1.999999998712861426e+01
1.999999998613355956e+01
1.999999998512094734e+01
1.999999998409071367e+01
1.999999998304279458e+01
1.999999998197713325e+01
1.999999998089369058e+01
1.999999997979241328e+01
1.999999997867325874e+01
1.999999997753617720e+01
1.999999997638114024e+01
1.999999997520813722e+01
1.999999997401710061e+01
1.999999997280803754e+01
1.999999997158090892e+01
1.999999997033572186e+01
1.999999996907244082e+01
1.999999996779108358e+01
1.999999996649161815e+01
1.999999996517406231e+01
1.999999996383842316e+01
1.999999996248470069e+01
1.999999996111291267e+01
1.999999995972306621e+01
1.999999995831519328e+01
1.999999995688931875e+01
1.999999995544547104e+01
1.999999995398367858e+01
1.999999995250397333e+01
1.999999995100641570e+01
1.999999994949102344e+01
1.999999994795786407e+01
1.999999994640698731e+01
1.999999994483843935e+01
1.999999994325229480e+01
1.999999994164861050e+01
1.999999994002744685e+01
1.999999993838888912e+01
1.999999993673299414e+01
1.999999993505986140e+01
1.999999993336955129e+01
1.999999993166215262e+01
1.999999992993776488e+01
1.999999992819645911e+01
1.999999992643835611e+01
1.999999992466352339e+01
1.999999992287207817e+01
1.999999992106412350e+01
1.999999991923975884e+01
1.999999991739909078e+01
1.999999991554222234e+01
1.999999991366928853e+01
1.999999991178038528e+01
1.999999990987563336e+01
1.999999990795515359e+01
1.999999990601905964e+01
1.999999990406747941e+01
1.999999990210053724e+01
1.999999990011835393e+01
1.999999989812107160e+01
1.999999989610878970e+01
1.999999989408165035e+01
1.999999989203978501e+01
1.999999988998332512e+01
1.999999988791239502e+01
1.999999988582712263e+01
1.999999988372765003e+01
1.999999988161409448e+01
1.999999987948659452e+01
1.999999987734527096e+01
1.999999987519027300e+01
1.999999987302170013e+01
1.999999987083969799e+01
1.999999986864439094e+01
1.999999986643588912e+01
1.999999986421433462e+01
1.999999986197983404e+01
1.999999985973250816e+01
1.999999985747247777e+01
1.999999985519984946e+01
1.999999985291473692e+01
1.999999985061725383e+01
1.999999984830749256e+01
1.999999984598557035e+01
1.999999984365156180e+01
1.999999984130557351e+01
1.999999983894769429e+01
1.999999983657800229e+01
1.999999983419658633e+01
1.999999983180351393e+01
1.999999982939884546e+01
1.999999982698264844e+01
1.999999982455499037e+01
1.999999982211591387e+01
1.999999981966546514e+01
1.999999981720367970e+01
1.999999981473060018e+01
1.999999981224622303e+01
1.999999980975059088e+01
1.999999980724370374e+01
1.999999980472555450e+01
1.999999980219614670e+01
1.999999979965545194e+01
1.999999979710344178e+01
1.999999979454010202e+01
1.999999979196535804e+01
1.999999978937917788e+01
1.999999978678149049e+01
1.999999978417220703e+01
1.999999978155125646e+01
1.999999977891853220e+01
1.999999977627392056e+01
1.999999977361730075e+01
1.999999977094855552e+01
1.999999976826751436e+01
1.999999976557403869e+01
1.999999976286793668e+01
1.999999976014904490e+01
1.999999975741713598e+01
1.999999975467201452e+01
1.999999975191344603e+01
1.999999974914119960e+01
1.999999974635499811e+01
1.999999974355458576e+01
1.999999974073965348e+01
1.999999973790990282e+01
1.999999973506501760e+01
1.999999973220465321e+01
1.999999972932844727e+01
1.999999972643603741e+01
1.999999972352702216e+01
1.999999972060100006e+01
1.999999971765752704e+01
1.999999971469616966e+01
1.999999971171645186e+01
1.999999970871789046e+01
1.999999970569997743e+01
1.999999970266218696e+01
1.999999969960396129e+01
1.999999969652473553e+01
1.999999969342393058e+01
1.999999969030091407e+01
1.999999968715507492e+01
1.999999968398571681e+01
1.999999968079218959e+01
1.999999967757378272e+01
1.999999967432976433e+01
1.999999967105938126e+01
1.999999966776186966e+01
1.999999966443640531e+01
1.999999966108217819e+01
1.999999965769832144e+01
1.999999965428398241e+01
1.999999965083822318e+01
1.999999964736013780e+01
1.999999964384874573e+01
1.999999964030307353e+01
1.999999963672210512e+01
1.999999963310479245e+01
1.999999962945007326e+01
1.999999962575683199e+01
1.999999962202394244e+01
1.999999961825024997e+01
1.999999961443455021e+01
1.999999961057563524e+01
1.999999960667223675e+01
1.999999960272307931e+01
1.999999959872684130e+01
1.999999959468216204e+01
1.999999959058767729e+01
1.999999958644196241e+01
1.999999958224356078e+01
1.999999957799098027e+01
1.999999957368272163e+01
1.999999956931721456e+01
1.999999956489285680e+01
1.999999956040804250e+01
1.999999955586109479e+01
1.999999955125031192e+01
1.999999954657395307e+01
1.999999954183024187e+01
1.999999953701736999e+01
1.999999953213346515e+01
1.999999952717664087e+01
1.999999952214496091e+01
1.999999951703644285e+01
1.999999951184906877e+01
1.999999950658078873e+01
1.999999950122948889e+01
1.999999949579303404e+01
1.999999949026922152e+01
1.999999948465582733e+01
1.999999947895057772e+01
1.999999947315113857e+01
1.999999946725514377e+01
1.999999946126018457e+01
1.999999945516379185e+01
1.999999944896345738e+01
1.999999944265661966e+01
1.999999943624067456e+01
1.999999942971296818e+01
1.999999942307078626e+01
1.999999941631136480e+01
1.999999940943191135e+01
1.999999940242955887e+01
1.999999939530137638e+01
1.999999938804441157e+01
1.999999938065563398e+01
1.999999937313196696e+01
1.999999936547026991e+01
1.999999935766735959e+01
1.999999934971998172e+01
1.999999934162483228e+01
1.999999933337853975e+01
1.999999932497768640e+01
1.999999931641877993e+01
1.999999930769827117e+01
1.999999929881254701e+01
1.999999928975794816e+01
1.999999928053070875e+01
1.999999927112704867e+01
1.999999926154308483e+01
1.999999925177489146e+01
1.999999924181845756e+01
1.999999923166970817e+01
1.999999922132450791e+01
1.999999921077863974e+01
1.999999920002780485e+01
1.999999918906766894e+01
1.999999917789377335e+01
1.999999916650162746e+01
1.999999915488664115e+01
1.999999914304415682e+01
1.999999913096943160e+01
1.999999911865764801e+01
1.999999910610390685e+01
1.999999909330322367e+01
1.999999908025053941e+01
1.999999906694069907e+01
1.999999905336847306e+01
1.999999903952853231e+01
1.999999902541548025e+01
1.999999901102380662e+01
1.999999899634793010e+01
1.999999898138216992e+01
1.999999896612073869e+01
1.999999895055777088e+01
1.999999893468731216e+01
1.999999891850328382e+01
1.999999890199953256e+01
1.999999888516978430e+01
1.999999886800768678e+01
1.999999885050676340e+01
1.999999883266042744e+01
1.999999881446201400e+01
1.999999879590471252e+01
1.999999877698164141e+01
1.999999875768577340e+01
1.999999873800999239e+01
1.999999871794704021e+01
1.999999869748956272e+01
1.999999867663008857e+01
1.999999865536101851e+01
1.999999863367460762e+01
1.999999861156303638e+01
1.999999858901831828e+01
1.999999856603235315e+01
1.999999854259689513e+01
1.999999851870360956e+01
1.999999849434396992e+01
1.999999846950933957e+01
1.999999844419096817e+01
1.999999841837991710e+01
1.999999839206713759e+01
1.999999836524342101e+01
1.999999833789942372e+01
1.999999831002563511e+01
1.999999828161241311e+01
1.999999825264993802e+01
1.999999822312825870e+01
1.999999819303724635e+01
1.999999816236660877e+01
1.999999813110590807e+01
1.999999809924452165e+01
1.999999806677167413e+01
1.999999803367639828e+01
1.999999799994757055e+01
1.999999796557387910e+01
1.999999793054384511e+01
1.999999789484578372e+01
1.999999785846784306e+01
1.999999782139799009e+01
1.999999778362397151e+01
1.999999774513338124e+01
1.999999770591356807e+01
1.999999766595172801e+01
1.999999762523481905e+01
1.999999758374961090e+01
1.999999754148265652e+01
1.999999749842029573e+01
1.999999745454866229e+01
1.999999740985365548e+01
1.999999736432097208e+01
1.999999731793606372e+01
1.999999727068416178e+01
1.999999722255026668e+01
1.999999717351914441e+01
1.999999712357530512e+01
1.999999707270303873e+01
1.999999702088637576e+01
1.999999696810909811e+01
1.999999691435473181e+01
1.999999685960654006e+01
1.999999680384754086e+01
1.999999674706046449e+01
1.999999668922778540e+01
1.999999663033170449e+01
1.999999657035412781e+01
1.999999650927671624e+01
1.999999644708078606e+01
1.999999638374743327e+01
1.999999631925739507e+01
1.999999625359113864e+01
1.999999618672883983e+01
1.999999611865034055e+01
1.999999604933517716e+01
1.999999597876259116e+01
1.999999590691147233e+01
1.999999583376038359e+01
1.999999575928757878e+01
1.999999568347097068e+01
1.999999560628812034e+01
1.999999552771624067e+01
1.999999544773219640e+01
1.999999536631251829e+01
1.999999528343333566e+01
1.999999519907044743e+01
1.999999511319925105e+01
1.999999502579479582e+01
1.999999493683171536e+01
1.999999484628428803e+01
1.999999475412638006e+01
1.999999466033145978e+01
1.999999456487258698e+01
1.999999446772242351e+01
1.999999436885320137e+01
1.999999426823674042e+01
1.999999416584442358e+01
1.999999406164720028e+01
1.999999395561558657e+01
1.999999384771963307e+01
1.999999373792897117e+01
1.999999362621273491e+01
1.999999351253961066e+01
1.999999339687781585e+01
1.999999327919507763e+01
1.999999315945863998e+01
1.999999303763526370e+01
1.999999291369120513e+01
1.999999278759220545e+01
1.999999265930348713e+01
1.999999252878979306e+01
1.999999239601527989e+01
1.999999226094361404e+01
1.999999212353789346e+01
1.999999198376069387e+01
1.999999184157399057e+01
1.999999169693924017e+01
1.999999154981730598e+01
1.999999140016845089e+01
1.999999124795238359e+01
1.999999109312820522e+01
1.999999093565439878e+01
1.999999077548886106e+01
1.999999061258883160e+01
1.999999044691095307e+01
1.999999027841121091e+01
1.999999010704495817e+01
1.999998993276688353e+01
1.999998975553101843e+01
1.999998957529071220e+01
1.999998939199864267e+01
1.999998920560679139e+01
1.999998901606644353e+01
1.999998882332817374e+01
1.999998862734182836e+01
1.999998842805655030e+01
1.999998822542072219e+01
1.999998801938198767e+01
1.999998780988724079e+01
1.999998759688258332e+01
1.999998738031338164e+01
1.999998716012418143e+01
1.999998693625873969e+01
1.999998670866000339e+01
1.999998647727011303e+01
1.999998624203037068e+01
1.999998600288124706e+01
1.999998575976234605e+01
1.999998551261242952e+01
1.999998526136937826e+01
1.999998500597018847e+01
1.999998474635096457e+01
1.999998448244690152e+01
1.999998421419228478e+01
1.999998394152045833e+01
1.999998366436383179e+01
1.999998338265387687e+01
1.999998309632106341e+01
1.999998280529490913e+01
1.999998250950394763e+01
1.999998220887570000e+01
1.999998190333666770e+01
1.999998159281233256e+01
1.999998127722713548e+01
1.999998095650446928e+01
1.999998063056664677e+01
1.999998029933490784e+01
1.999997996272940526e+01
1.999997962066917623e+01
1.999997927307214951e+01
1.999997891985510634e+01
1.999997856093369819e+01
1.999997819622238282e+01
1.999997782563448467e+01
1.999997744908209540e+01
1.999997706647613427e+01
1.999997667772628063e+01
1.999997628274099171e+01
1.999997588142746352e+01
1.999997547369163797e+01
1.999997505943816734e+01
1.999997463857042490e+01
1.999997421099044459e+01
1.999997377659895648e+01
1.999997333529535481e+01
1.999997288697764120e+01
1.999997243154248139e+01
1.999997196888512008e+01
1.999997149889941284e+01
1.999997102147777639e+01
1.999997053651119927e+01
1.999997004388919564e+01
1.999996954349982659e+01
1.999996903522963621e+01
1.999996851896367289e+01
1.999996799458544672e+01
1.999996746197694009e+01
1.999996692101854379e+01
1.999996637158909962e+01
1.999996581356581160e+01
1.999996524682428500e+01
1.999996467123849087e+01
1.999996408668073045e+01
1.999996349302164234e+01
1.999996289013015272e+01
1.999996227787348602e+01
1.999996165611712939e+01
1.999996102472481496e+01
1.999996038355850914e+01
1.999995973247835934e+01
1.999995907134272599e+01
1.999995840000810787e+01
1.999995771832917413e+01
1.999995702615869320e+01
1.999995632334755413e+01
1.999995560974471687e+01
1.999995488519719800e+01
1.999995414955004946e+01
1.999995340264635857e+01
1.999995264432717690e+01
1.999995187443154165e+01
1.999995109279645078e+01
1.999995029925680257e+01
1.999994949364540986e+01
1.999994867579296809e+01
1.999994784552802685e+01
1.999994700267696501e+01
1.999994614706396945e+01
1.999994527851103499e+01
1.999994439683788983e+01
1.999994350186199199e+01
1.999994259339855773e+01
1.999994167126043720e+01
1.999994073525818195e+01
1.999993978519995608e+01
1.999993882089156116e+01
1.999993784213635806e+01
1.999993684873528466e+01
1.999993584048680972e+01
1.999993481718691157e+01
1.999993377862904964e+01
1.999993272460414673e+01
1.999993165490053215e+01
1.999993056930396662e+01
1.999992946759755696e+01
1.999992834956177035e+01
1.999992721497441295e+01
1.999992606361053049e+01
1.999992489524248995e+01
1.999992370963984101e+01
1.999992250656937642e+01
1.999992128579505390e+01
1.999992004707797122e+01
1.999991879017635554e+01
1.999991751484550662e+01
1.999991622083780740e+01
1.999991490790264592e+01
1.999991357578642948e+01
1.999991222423251713e+01
1.999991085298121263e+01
1.999990946176972884e+01
1.999990805033216290e+01
1.999990661839942163e+01
1.999990516569925703e+01
1.999990369195619522e+01
1.999990219689150095e+01
1.999990068022317402e+01
1.999989914166586402e+01
1.999989758093091297e+01
1.999989599772624516e+01
1.999989439175638850e+01
1.999989276272241767e+01
1.999989111032191857e+01
1.999988943424897059e+01
1.999988773419408261e+01
1.999988600984420728e+01
1.999988426088264859e+01
1.999988248698906901e+01
1.999988068783943262e+01
1.999987886310599094e+01
1.999987701245721894e+01
1.999987513555778662e+01
1.999987323206855905e+01
1.999987130164650750e+01
1.999986934394469174e+01
1.999986735861223863e+01
1.999986534529429250e+01
1.999986330363197595e+01
1.999986123326236154e+01
1.999985913381841129e+01
1.999985700492895901e+01
1.999985484621868537e+01
1.999985265730803619e+01
1.999985043781322958e+01
1.999984818734615999e+01
1.999984590551445152e+01
1.999984359192129091e+01
1.999984124616552705e+01
1.999983886784150400e+01
1.999983645653911069e+01
1.999983401184369924e+01
1.999983153333605657e+01
1.999982902059234746e+01
1.999982647318408269e+01
1.999982389067809407e+01
1.999982127263646703e+01
1.999981861861652632e+01
1.999981592817073306e+01
1.999981320084674508e+01
1.999981043618726062e+01
1.999980763373005033e+01
1.999980479300790392e+01
1.999980191354856274e+01
1.999979899487467705e+01
1.999979603650379545e+01
1.999979303794827601e+01
1.999978999871528629e+01
1.999978691830671806e+01
1.999978379621914826e+01
1.999978063194384248e+01
1.999977742496664490e+01
1.999977417476795694e+01
1.999977088082270882e+01
1.999976754260029210e+01
1.999976415956450992e+01
1.999976073117354858e+01
1.999975725687992067e+01
1.999975373613042251e+01
1.999975016836606301e+01
1.999974655302205662e+01
1.999974288952774160e+01
1.999973917730655870e+01
1.999973541577597302e+01
1.999973160434743846e+01
1.999972774242636575e+01
1.999972382941204430e+01
1.999971986469760665e+01
1.999971584766999300e+01
1.999971177770987651e+01
1.999970765419163143e+01
1.999970347648326197e+01
1.999969924394636678e+01
1.999969495593610347e+01
1.999969061180110685e+01
1.999968621088345699e+01
1.999968175251860458e+01
1.999967723603536029e+01
1.999967266075582728e+01
1.999966802599530169e+01
1.999966333106229399e+01
1.999965857525843305e+01
1.999965375787841637e+01
1.999964887820998882e+01
1.999964393553381470e+01
1.999963892912353103e+01
1.999963385824560547e+01
1.999962872215931142e+01
1.999962352011669608e+01
1.999961825136249161e+01
1.999961291513409023e+01
1.999960751066145548e+01
1.999960203716710438e+01
1.999959649386603999e+01
1.999959087996567675e+01
1.999958519466580853e+01
1.999957943715855180e+01
1.999957360662827099e+01
1.999956770225154301e+01
1.999956172319709680e+01
1.999955566862574941e+01
1.999954953769035271e+01
1.999954332953574720e+01
1.999953704329866966e+01
1.999953067810777796e+01
1.999952423308347704e+01
1.999951770733796508e+01
1.999951109997510912e+01
1.999950441009044155e+01
1.999949763677104997e+01
1.999949077909555939e+01
1.999948383613403635e+01
1.999947680694798535e+01
1.999946969059023871e+01
1.999946248610491750e+01
1.999945519252738890e+01
1.999944780888416318e+01
1.999944033419289013e+01
1.999943276746225962e+01
1.999942510769197312e+01
1.999941735387265140e+01
1.999940950498578474e+01
1.999940156000372227e+01
1.999939351788951925e+01
1.999938537759695478e+01
1.999937713807045370e+01
1.999936879824500480e+01
1.999936035704611825e+01
1.999935181338977941e+01
1.999934316618234220e+01
1.999933441432050785e+01
1.999932555669129641e+01
1.999931659217188340e+01
1.999930751962964237e+01
1.999929833792202416e+01
1.999928904589652845e+01
1.999927964239061851e+01
1.999927012623168920e+01
1.999926049623698177e+01
1.999925075121350915e+01
1.999924088995804894e+01
1.999923091125702612e+01
1.999922081388649175e+01
1.999921059661203415e+01
1.999920025818873626e+01
1.999918979736110103e+01
1.999917921286300881e+01
1.999916850341762498e+01
1.999915766773737147e+01
1.999914670452386289e+01
1.999913561246781057e+01
1.999912439024899058e+01
1.999911303653619044e+01
1.999910154998713452e+01
1.999908992924839168e+01
1.999907817295537882e+01
1.999906627973225071e+01
1.999905424819187161e+01
1.999904207693569802e+01
1.999902976455379644e+01
1.999901730962471547e+01
1.999900471071546093e+01
1.999899196638142129e+01
1.999897907516631435e+01
1.999896603560210906e+01
1.999895284620899716e+01
1.999893950549528654e+01
1.999892601195740127e+01
1.999891236407975015e+01
1.999889856033470892e+01
1.999888459918257411e+01
1.999887047907145998e+01
1.999885619843725237e+01
1.999884175570358735e+01
1.999882714928170913e+01
1.999881237757050911e+01
1.999879743895638384e+01
1.999878233181322429e+01
1.999876705450230574e+01
1.999875160537229490e+01
1.999873598275915043e+01
1.999872018498606252e+01
1.999870421036339962e+01
1.999868805718865872e+01
1.999867172374635871e+01
1.999865520830808663e+01
1.999863850913230934e+01
1.999862162446441971e+01
1.999860455253661584e+01
1.999858729156786552e+01
1.999856983976384583e+01
1.999855219531688277e+01
1.999853435640591215e+01
1.999851632119638012e+01
1.999849808784023608e+01
1.999847965447581544e+01
1.999846101922786090e+01
1.999844218020739461e+01
1.999842313551170392e+01
1.999840388322424900e+01
1.999838442141465578e+01
1.999836474813861642e+01
1.999834486143784318e+01
1.999832475934004705e+01
1.999830443985882766e+01
1.999828390099366615e+01
1.999826314072982214e+01
1.999824215703834795e+01
1.999822094787595361e+01
1.999819951118502459e+01
1.999817784489352590e+01
1.999815594691494525e+01
1.999813381514828592e+01
1.999811144747794955e+01
1.999808884177373969e+01
1.999806599589079070e+01
1.999804290766948611e+01
1.999801957493545856e+01
1.999799599549949747e+01
1.999797216715752413e+01
1.999794808769054200e+01
1.999792375486454787e+01
1.999789916643051768e+01
1.999787432012436383e+01
1.999784921366687840e+01
1.999782384476363006e+01
1.999779821110502454e+01
1.999777231036614822e+01
1.999774614020679309e+01
1.999771969827137497e+01
1.999769298218888736e+01
1.999766598957287655e+01
1.999763871802138127e+01
1.999761116511687220e+01
1.999758332842623787e+01
1.999755520550072063e+01
1.999752679387585985e+01
1.999749809107147769e+01
1.999746909459162225e+01
1.999743980192451076e+01
1.999741021054250467e+01
1.999738031790207771e+01
1.999735012144372348e+01
1.999731961859197682e+01
1.999728880675532494e+01
1.999725768332618969e+01
1.999722624568089913e+01
1.999719449117960934e+01
1.999716241716629739e+01
1.999713002096872572e+01
1.999709729989835338e+01
1.999706425125038223e+01
1.999703087230364673e+01
1.999699716032059982e+01
1.999696311254729508e+01
1.999692872621332640e+01
1.999689399853180305e+01
1.999685892669932841e+01
1.999682350789591823e+01
1.999678773928503261e+01
1.999675161801350143e+01
1.999671514121148874e+01
1.999667830599247154e+01
1.999664110945323259e+01
1.999660354867377166e+01
1.999656562071733035e+01
1.999652732263032817e+01
1.999648865144235899e+01
1.999644960416613415e+01
1.999641017779746122e+01
1.999637036931524037e+01
1.999633017568141113e+01
1.999628959384092752e+01
1.999624862072172959e+01
1.999620725323476478e+01
1.999616548827386708e+01
1.999612332271583170e+01
1.999608075342032976e+01
1.999603777722991538e+01
1.999599439096997244e+01
1.999595059144872522e+01
1.999590637545719929e+01
1.999586173976920378e+01
1.999581668114130295e+01
1.999577119631281974e+01
1.999572528200578603e+01
1.999567893492494619e+01
1.999563215175771802e+01
1.999558492917421759e+01
1.999553726382718466e+01
1.999548915235200752e+01
1.999544059136668750e+01
1.999539157747185314e+01
1.999534210725069272e+01
1.999529217726900043e+01
1.999524178407510533e+01
1.999519092419991395e+01
1.999513959415686770e+01
1.999508779044192153e+01
1.999503550953354747e+01
1.999498274789275953e+01
1.999492950196302132e+01
1.999487576817032419e+01
1.999482154292310554e+01
1.999476682261230565e+01
1.999471160361131439e+01
1.999465588227598545e+01
1.999459965494462210e+01
1.999454291793798077e+01
1.999448566755927459e+01
1.999442790009412008e+01
1.999436961181061534e+01
1.999431079895925478e+01
1.999425145777298951e+01
1.999419158446718825e+01
1.999413117523965866e+01
1.999407022627063313e+01
1.999400873372277587e+01
1.999394669374117939e+01
1.999388410245336800e+01
1.999382095596931208e+01
1.999375725038141738e+01
1.999369298176451437e+01
1.999362814617590445e+01
1.999356273965532083e+01
1.999349675822496408e+01
1.999343019788949860e+01
1.999336305463604546e+01
1.999329532443421442e+01
1.999322700323608970e+01
1.999315808697625485e+01
1.999308857157179276e+01
1.999301845292230340e+01
1.999294772690989319e+01
1.999287638939921052e+01
1.999280443623745640e+01
1.999273186325437024e+01
1.999265866626226185e+01
1.999258484105605049e+01
1.999251038341319742e+01
1.999243528909383016e+01
1.999235955384066799e+01
1.999228317337907157e+01
1.999220614341707147e+01
1.999212845964535390e+01
1.999205011773730689e+01
1.999197111334902743e+01
1.999189144211933566e+01
1.999181109966978909e+01
1.999173008160471454e+01
1.999164838351122597e+01
1.999156600095924219e+01
1.999148292950149397e+01
1.999139916467356670e+01
1.999131470199393590e+01
1.999122953696393168e+01
1.999114366506783114e+01
1.999105708177280505e+01
1.999096978252904222e+01
1.999088176276967488e+01
1.999079301791086749e+01
1.999070354335181321e+01
1.999061333447477296e+01
1.999052238664508607e+01
1.999043069521122007e+01
1.999033825550478483e+01
1.999024506284054681e+01
1.999015111251649657e+01
1.999005639981382387e+01
1.998996091999699587e+01
1.998986466831376063e+01
1.998976763999517559e+01
1.998966983025566435e+01
1.998957123429299898e+01
1.998947184728839233e+01
1.998937166440645541e+01
1.998927068079532532e+01
1.998916889158658350e+01
1.998906629189540141e+01
1.998896287682049788e+01
1.998885864144417468e+01
1.998875358083240172e+01
1.998864769003479935e+01
1.998854096408470937e+01
1.998843339799919860e+01
1.998832498677910507e+01
1.998821572540909486e+01
1.998810560885766208e+01
1.998799463207719640e+01
1.998788279000398305e+01
1.998777007755827739e+01
1.998765648964430852e+01
1.998754202115036449e+01
1.998742666694875680e+01
1.998731042189591633e+01
1.998719328083241820e+01
1.998707523858298529e+01
1.998695628995659490e+01
1.998683642974643604e+01
1.998671565273001605e+01
1.998659395366916058e+01
1.998647132731004561e+01
1.998634776838326488e+01
1.998622327160386902e+01
1.998609783167135845e+01
1.998597144326979702e+01
1.998584410106777653e+01
1.998571579971848067e+01
1.998558653385976314e+01
1.998545629811413704e+01
1.998532508708883171e+01
1.998519289537583887e+01
1.998505971755194466e+01
1.998492554817876510e+01
1.998479038180280298e+01
1.998465421295545497e+01
1.998451703615308617e+01
1.998437884589705149e+01
1.998423963667373116e+01
1.998409940295458753e+01
1.998395813919619002e+01
1.998381583984024701e+01
1.998367249931365563e+01
1.998352811202855506e+01
1.998338267238234423e+01
1.998323617475771385e+01
1.998308861352271038e+01
1.998293998303076435e+01
1.998279027762070825e+01
1.998263949161684749e+01
1.998248761932897111e+01
1.998233465505241213e+01
1.998218059306806182e+01
1.998202542764241940e+01
1.998186915302764532e+01
1.998171176346155775e+01
1.998155325316769293e+01
1.998139361635534783e+01
1.998123284721961568e+01
1.998107093994139305e+01
1.998090788868743672e+01
1.998074368761041697e+01
1.998057833084890689e+01
1.998041181252746412e+01
1.998024412675661310e+01
1.998007526763293384e+01
1.997990522923903356e+01
1.997973400564365321e+01
1.997956159090162487e+01
1.997938797905395703e+01
1.997921316412782033e+01
1.997903714013663290e+01
1.997885990108003185e+01
1.997868144094395504e+01
1.997850175370063397e+01
1.997832083330862929e+01
1.997813867371285212e+01
1.997795526884463158e+01
1.997777061262169696e+01
1.997758469894819910e+01
1.997739752171478145e+01
1.997720907479856933e+01
1.997701935206319490e+01
1.997682834735884327e+01
1.997663605452223123e+01
1.997644246737668183e+01
1.997624757973212795e+01
1.997605138538509095e+01
1.997585387811876956e+01
1.997565505170300781e+01
1.997545489989433065e+01
1.997525341643596519e+01
1.997505059505785141e+01
1.997484642947665989e+01
1.997464091339579539e+01
1.997443404050543236e+01
1.997422580448252205e+01
1.997401619899078185e+01
1.997380521768073436e+01
1.997359285418970387e+01
1.997337910214183410e+01
1.997316395514809173e+01
1.997294740680626646e+01
1.997272945070099226e+01
1.997251008040375098e+01
1.997228928947284743e+01
1.997206707145347693e+01
1.997184341987764356e+01
1.997161832826423833e+01
1.997139179011900012e+01
1.997116379893451210e+01
1.997093434819020885e+01
1.997070343135239057e+01
1.997047104187418043e+01
1.997023717319555303e+01
1.997000181874331659e+01
1.996976497193109878e+01
1.996952662615934315e+01
1.996928677481530201e+01
1.996904541127301869e+01
1.996880252889332041e+01
1.996855812102379346e+01
1.996831218099879379e+01
1.996806470213939022e+01
1.996781567775338573e+01
1.996756510113527128e+01
1.996731296556622581e+01
1.996705926431407363e+01
1.996680399063327371e+01
1.996654713776490198e+01
1.996628869893660152e+01
1.996602866736256487e+01
1.996576703624353755e+01
1.996550379876672210e+01
1.996523894810580302e+01
1.996497247742089698e+01
1.996470437985850666e+01
1.996443464855148875e+01
1.996416327661902201e+01
1.996389025716656462e+01
1.996361558328579733e+01
1.996333924805461635e+01
1.996306124453706232e+01
1.996278156578327412e+01
1.996250020482944620e+01
1.996221715469778957e+01
1.996193240839645355e+01
1.996164595891949389e+01
1.996135779924684428e+01
1.996106792234417782e+01
1.996077632116294254e+01
1.996048298864025128e+01
1.996018791769881418e+01
1.995989110124691024e+01
1.995959253217829144e+01
1.995929220337213295e+01
1.995899010769294790e+01
1.995868623799053765e+01
1.995838058709989937e+01
1.995807314784117281e+01
1.995776391301954789e+01
1.995745287542519719e+01
1.995714002783316587e+01
1.995682536300333965e+01
1.995650887368032400e+01
1.995619055259337316e+01
1.995587039245628347e+01
1.995554838596735081e+01
1.995522452580920358e+01
1.995489880464877785e+01
1.995457121513719301e+01
1.995424174990964161e+01
1.995391040158530771e+01
1.995357716276727444e+01
1.995324202604237840e+01
1.995290498398114920e+01
1.995256602913766741e+01
1.995222515404947217e+01
1.995188235123744391e+01
1.995153761320569075e+01
1.995119093244141695e+01
1.995084230141483772e+01
1.995049171257899800e+01
1.995013915836971208e+01
1.994978463120541790e+01
1.994942812348699945e+01
1.994906962759774061e+01
1.994870913590311545e+01
1.994834664075070663e+01
1.994798213447003121e+01
1.994761560937242351e+01
1.994724705775088580e+01
1.994687647187992496e+01
1.994650384401543519e+01
1.994612916639453459e+01
1.994575243123540886e+01
1.994537363073715142e+01
1.994499275707963193e+01
1.994460980242331516e+01
1.994422475890907620e+01
1.994383761865811167e+01
1.994344837377169100e+01
1.994305701633100369e+01
1.994266353839705275e+01
1.994226793201038817e+01
1.994187018919098975e+01
1.994147030193805747e+01
1.994106826222985518e+01
1.994066406202348674e+01
1.994025769325475395e+01
1.993984914783793982e+01
1.993943841766560965e+01
1.993902549460844398e+01
1.993861037051498641e+01
1.993819303721151570e+01
1.993777348650177572e+01
1.993735171016682273e+01
1.993692769996474823e+01
1.993650144763056176e+01
1.993607294487586401e+01
1.993564218338874738e+01
1.993520915483346911e+01
1.993477385085030207e+01
1.993433626305525763e+01
1.993389638303989386e+01
1.993345420237108812e+01
1.993300971259073862e+01
1.993256290521561880e+01
1.993211377173705401e+01
1.993166230362073676e+01
1.993120849230645319e+01
1.993075232920783435e+01
1.993029380571211107e+01
1.992983291317984751e+01
1.992936964294471736e+01
1.992890398631317339e+01
1.992843593456426632e+01
1.992796547894931081e+01
1.992749261069166167e+01
1.992701732098641187e+01
1.992653960100011901e+01
1.992605944187054590e+01
1.992557683470635865e+01
1.992509177058683179e+01
1.992460424056157819e+01
1.992411423565028272e+01
1.992362174684234333e+01
1.992312676509662595e+01
1.992262928134112698e+01
1.992212928647269621e+01
1.992162677135672766e+01
1.992112172682681148e+01
1.992061414368447103e+01
1.992010401269883246e+01
1.991959132460624460e+01
1.991907607011005155e+01
1.991855823988020546e+01
1.991803782455293970e+01
1.991751481473043128e+01
1.991698920098049896e+01
1.991646097383621949e+01
1.991593012379562211e+01
1.991539664132130127e+01
1.991486051684009695e+01
1.991432174074272865e+01
1.991378030338343663e+01
1.991323619507962306e+01
1.991268940611148608e+01
1.991213992672166810e+01
1.991158774711483304e+01
1.991103285745737139e+01
1.991047524787694911e+01
1.990991490846217715e+01
1.990935182926216029e+01
1.990878600028619871e+01
1.990821741150332969e+01
1.990764605284196165e+01
1.990707191418942656e+01
1.990649498539165663e+01
1.990591525625270464e+01
1.990533271653437453e+01
1.990474735595578437e+01
1.990415916419297560e+01
1.990356813087845111e+01
1.990297424560081296e+01
1.990237749790424004e+01
1.990177787728815062e+01
1.990117537320670849e+01
1.990056997506840730e+01
1.989996167223560519e+01
1.989935045402409841e+01
1.989873630970266305e+01
1.989811922849260384e+01
1.989749919956726387e+01
1.989687621205163026e+01
1.989625025502178346e+01
1.989562131750448515e+01
1.989498938847668796e+01
1.989435445686505943e+01
1.989371651154547749e+01
1.989307554134258638e+01
1.989243153502925310e+01
1.989178448132614818e+01
1.989113436890114173e+01
1.989048118636891616e+01
1.988982492229037646e+01
1.988916556517217060e+01
1.988850310346619565e+01
1.988783752556903650e+01
1.988716881982146134e+01
1.988649697450791720e+01
1.988582197785598282e+01
1.988514381803582509e+01
1.988446248315965903e+01
1.988377796128122910e+01
1.988309024039525141e+01
1.988239930843685244e+01
1.988170515328101473e+01
1.988100776274204051e+01
1.988030712457295124e+01
1.987960322646496536e+01
1.987889605604687304e+01
1.987818560088451036e+01
1.987747184848015181e+01
1.987675478627191339e+01
1.987603440163320201e+01
1.987531068187209016e+01
1.987458361423073328e+01
1.987385318588475513e+01
1.987311938394266164e+01
1.987238219544520135e+01
1.987164160736479346e+01
1.987089760660483151e+01
1.987015017999916466e+01
1.986939931431139428e+01
1.986864499623424152e+01
1.986788721238895405e+01
1.986712594932463105e+01
1.986636119351757301e+01
1.986559293137067073e+01
1.986482114921268405e+01
1.986404583329766638e+01
1.986326696980421147e+01
1.986248454483484949e+01
1.986169854441535065e+01
1.986090895449405025e+01
1.986011576094114162e+01
1.985931894954803667e+01
1.985851850602662694e+01
1.985771441600862275e+01
1.985690666504483204e+01
1.985609523860443559e+01
1.985528012207432980e+01
1.985446130075838056e+01
1.985363875987668081e+01
1.985281248456485059e+01
1.985198245987330523e+01
1.985114867076654832e+01
1.985031110212235461e+01
1.984946973873110565e+01
1.984862456529500463e+01
1.984777556642732677e+01
1.984692272665164836e+01
1.984606603040111494e+01
1.984520546201763835e+01
1.984434100575115067e+01
1.984347264575879421e+01
1.984260036610417899e+01
1.984172415075657625e+01
1.984084398359006940e+01
1.983995984838289672e+01
1.983907172881647085e+01
1.983817960847472150e+01
1.983728347084319310e+01
1.983638329930824895e+01
1.983547907715627190e+01
1.983457078757279746e+01
1.983365841364171089e+01
1.983274193834438748e+01
1.983182134455886825e+01
1.983089661505898604e+01
1.982996773251354838e+01
1.982903467948544218e+01
1.982809743843077399e+01
1.982715599169803156e+01
1.982621032152717788e+01
1.982526041004877371e+01
1.982430623928311064e+01
1.982334779113931944e+01
1.982238504741443208e+01
1.982141798979255043e+01
1.982044659984388346e+01
1.981947085902386974e+01
1.981849074867222882e+01
1.981750625001207311e+01
1.981651734414895927e+01
1.981552401206997160e+01
1.981452623464275931e+01
1.981352399261461983e+01
1.981251726661153256e+01
1.981150603713722091e+01
1.981049028457217531e+01
1.980946998917268687e+01
1.980844513106991656e+01
1.980741569026885784e+01
1.980638164664742007e+01
1.980534297995537329e+01
1.980429966981342105e+01
1.980325169571217714e+01
1.980219903701113537e+01
1.980114167293772098e+01
1.980007958258620704e+01
1.979901274491676944e+01
1.979794113875440331e+01
1.979686474278792119e+01
1.979578353556889780e+01
1.979469749551067181e+01
1.979360660088723378e+01
1.979251082983223853e+01
1.979141016033791090e+01
1.979030457025399059e+01
1.978919403728666282e+01
1.978807853899747471e+01
1.978695805280229791e+01
1.978583255597018109e+01
1.978470202562230540e+01
1.978356643873087606e+01
1.978242577211801390e+01
1.978128000245464335e+01
1.978012910625940890e+01
1.977897305989751686e+01
1.977781183957964117e+01
1.977664542136079007e+01
1.977547378113915855e+01
1.977429689465497731e+01
1.977311473748941850e+01
1.977192728506338781e+01
1.977073451263638759e+01
1.976953639530536577e+01
1.976833290800352927e+01
1.976712402549919645e+01
1.976590972239457145e+01
1.976468997312462506e+01
1.976346475195583707e+01
1.976223403298504167e+01
1.976099779013824076e+01
1.975975599716931796e+01
1.975850862765895144e+01
1.975725565501326031e+01
1.975599705246270688e+01
1.975473279306076080e+01
1.975346284968275867e+01
1.975218719502458598e+01
1.975090580160150111e+01
1.974961864174680315e+01
1.974832568761067364e+01
1.974702691115885500e+01
1.974572228417137154e+01
1.974441177824132154e+01
1.974309536477353078e+01
1.974177301498333392e+01
1.974044469989524231e+01
1.973911039034166848e+01
1.973777005696161169e+01
1.973642367019939670e+01
1.973507120030333439e+01
1.973371261732440374e+01
1.973234789111494436e+01
1.973097699132734562e+01
1.972959988741270010e+01
1.972821654861948915e+01
1.972682694399221504e+01
1.972543104237009359e+01
1.972402881238567218e+01
1.972262022246351165e+01
1.972120524081880077e+01
1.971978383545600977e+01
1.971835597416750829e+01
1.971692162453222252e+01
1.971548075391421762e+01
1.971403332946134412e+01
1.971257931810387021e+01
1.971111868655303212e+01
1.970965140129969484e+01
1.970817742861293453e+01
1.970669673453863169e+01
1.970520928489805002e+01
1.970371504528646867e+01
1.970221398107169719e+01
1.970070605739272906e+01
1.969919123915827441e+01
1.969766949104533182e+01
1.969614077749775660e+01
1.969460506272482903e+01
1.969306231069983326e+01
1.969151248515857944e+01
1.968995554959795768e+01
1.968839146727452771e+01
1.968682020120300535e+01
1.968524171415484147e+01
1.968365596865673695e+01
1.968206292698923576e+01
1.968046255118513344e+01
1.967885480302813761e+01
1.967723964405131909e+01
1.967561703553563390e+01
1.967398693850846669e+01
1.967234931374213502e+01
1.967070412175239724e+01
1.966905132279698165e+01
1.966739087687404819e+01
1.966572274372074602e+01
1.966404688281169300e+01
1.966236325335746926e+01
1.966067181430311805e+01
1.965897252432666065e+01
1.965726534183754382e+01
1.965555022497518678e+01
1.965382713160744288e+01
1.965209601932907191e+01
1.965035684546027994e+01
1.964860956704511352e+01
1.964685414085006698e+01
1.964509052336244466e+01
1.964331867078891847e+01
1.964153853905397895e+01
1.963975008379842890e+01
1.963795326037786282e+01
1.963614802386111435e+01
1.963433432902877840e+01
1.963251213037166210e+01
1.963068138208928914e+01
1.962884203808831884e+01
1.962699405198110369e+01
1.962513737708411554e+01
1.962327196641644633e+01
1.962139777269826624e+01
1.961951474834933862e+01
1.961762284548747459e+01
1.961572201592701958e+01
1.961381221117734341e+01
1.961189338244134106e+01
1.960996548061389788e+01
1.960802845628037616e+01
1.960608225971514074e+01
1.960412684088002777e+01
1.960216214942281354e+01
1.960018813467579690e+01
1.959820474565421478e+01
1.959621193105481751e+01
1.959420963925429149e+01
1.959219781830790552e+01
1.959017641594787307e+01
1.958814537958199509e+01
1.958610465629211461e+01
1.958405419283269566e+01
1.958199393562929203e+01
1.957992383077717591e+01
1.957784382403979606e+01
1.957575386084738156e+01
1.957365388629547809e+01
1.957154384514350909e+01
1.956942368181333336e+01
1.956729334038787727e+01
1.956515276460964614e+01
1.956300189787931387e+01
1.956084068325438707e+01
1.955866906344774137e+01
1.955648698082626780e+01
1.955429437740945886e+01
1.955209119486810465e+01
1.954987737452283980e+01
1.954765285734285385e+01
1.954541758394452700e+01
1.954317149459008718e+01
1.954091452918630978e+01
1.953864662728318891e+01
1.953636772807263355e+01
1.953407777038713533e+01
1.953177669269859607e+01
1.952946443311695646e+01
1.952714092938896684e+01
1.952480611889697570e+01
1.952245993865765428e+01
1.952010232532081346e+01
1.951773321516819237e+01
1.951535254411223264e+01
1.951296024769495929e+01
1.951055626108679775e+01
1.950814051908540137e+01
1.950571295611457145e+01
1.950327350622308842e+01
1.950082210308367792e+01
1.949835867999187400e+01
1.949588316986501013e+01
1.949339550524110365e+01
1.949089561827790007e+01
1.948838344075183215e+01
1.948585890405703580e+01
1.948332193920438371e+01
1.948077247682052970e+01
1.947821044714700989e+01
1.947563578003927631e+01
1.947304840496589051e+01
1.947044825100758914e+01
1.946783524685649169e+01
1.946520932081526212e+01
1.946257040079632361e+01
1.945991841432108771e+01
1.945725328851919755e+01
1.945457495012784577e+01
1.945188332549102483e+01
1.944917834055892669e+01
1.944645992088724284e+01
1.944372799163659238e+01
1.944098247757192510e+01
1.943822330306196378e+01
1.943545039207868541e+01
1.943266366819680968e+01
1.942986305459336549e+01
1.942704847404721491e+01
1.942421984893869791e+01
1.942137710124922734e+01
1.941852015256095498e+01
1.941564892405649090e+01
1.941276333651861563e+01
1.940986331033006707e+01
1.940694876547330594e+01
1.940401962153040571e+01
1.940107579768286783e+01
1.939811721271159684e+01
1.939514378499682223e+01
1.939215543251808782e+01
1.938915207285428011e+01
1.938613362318372779e+01
1.938310000028428703e+01
1.938005112053351198e+01
1.937698689990883949e+01
1.937390725398785918e+01
1.937081209794858339e+01
1.936770134656975628e+01
1.936457491423129795e+01
1.936143271491464901e+01
1.935827466220331772e+01
1.935510066928333117e+01
1.935191064894388546e+01
1.934870451357788923e+01
1.934548217518269908e+01
1.934224354536080170e+01
1.933898853532059547e+01
1.933571705587726441e+01
1.933242901745359177e+01
1.932912433008096542e+01
1.932580290340034423e+01
1.932246464666329189e+01
1.931910946873313861e+01
1.931573727808610741e+01
1.931234798281257881e+01
1.930894149061834142e+01
1.930551770882598461e+01
1.930207654437630183e+01
1.929861790382974718e+01
1.929514169336802709e+01
1.929164781879565282e+01
1.928813618554166709e+01
1.928460669866135646e+01
1.928105926283807392e+01
1.927749378238512534e+01
1.927391016124769862e+01
1.927030830300494202e+01
1.926668811087199984e+01
1.926304948770221159e+01
1.925939233598936084e+01
1.925571655786998093e+01
1.925202205512577081e+01
1.924830872918605351e+01
1.924457648113033059e+01
1.924082521169096083e+01
1.923705482125578925e+01
1.923326520987103549e+01
1.922945627724411821e+01
1.922562792274664289e+01
1.922178004541744301e+01
1.921791254396572413e+01
1.921402531677429337e+01
1.921011826190287763e+01
1.920619127709148444e+01
1.920224425976399019e+01
1.919827710703162182e+01
1.919428971569670850e+01
1.919028198225643322e+01
1.918625380290671600e+01
1.918220507354617865e+01
1.917813568978018424e+01
1.917404554692506125e+01
1.916993454001232067e+01
1.916580256379304359e+01
1.916164951274233630e+01
1.915747528106395947e+01
1.915327976269493604e+01
1.914906285131036867e+01
1.914482444032836739e+01
1.914056442291498783e+01
1.913628269198942178e+01
1.913197914022913437e+01
1.912765366007528200e+01
1.912330614373810889e+01
1.911893648320254258e+01
1.911454457023386055e+01
1.911013029638347405e+01
1.910569355299491789e+01
1.910123423120978003e+01
1.909675222197392230e+01
1.909224741604379005e+01
1.908771970399272533e+01
1.908316897621756780e+01
1.907859512294530191e+01
1.907399803423979279e+01
1.906937760000872117e+01
1.906473371001064265e+01
1.906006625386212860e+01
1.905537512104504572e+01
1.905066020091403090e+01
1.904592138270404789e+01
1.904115855553805758e+01
1.903637160843486598e+01
1.903156043031713551e+01
1.902672491001946753e+01
1.902186493629661967e+01
1.901698039783197203e+01
1.901207118324602163e+01
1.900713718110504047e+01
1.900217827992993946e+01
1.899719436820520357e+01
1.899218533438804002e+01
1.898715106691758692e+01
1.898209145422436706e+01
1.897700638473981982e+01
1.897189574690602853e+01
1.896675942918554014e+01
1.896159732007145848e+01
1.895640930809751268e+01
1.895119528184842750e+01
1.894595512997039677e+01
1.894068874118172019e+01
1.893539600428353609e+01
1.893007680817085259e+01
1.892473104184357169e+01
1.891935859441780465e+01
1.891395935513727622e+01
1.890853321338491710e+01
1.890308005869457020e+01
1.889759978076297742e+01
1.889209226946180209e+01
1.888655741484982897e+01
1.888099510718546625e+01
1.887540523693922623e+01
1.886978769480648666e+01
1.886414237172041553e+01
1.885846915886497044e+01
1.885276794768821418e+01
1.884703862991565870e+01
1.884128109756387559e+01
1.883549524295419531e+01
1.882968095872665160e+01
1.882383813785405380e+01
1.881796667365621545e+01
1.881206645981439962e+01
1.880613739038590282e+01
1.880017935981880939e+01
1.879419226296691647e+01
1.878817599510488634e+01
1.878213045194344488e+01
1.877605552964488922e+01
1.876995112483868766e+01
1.876381713463725021e+01
1.875765345665192285e+01
1.875145998900908850e+01
1.874523663036647747e+01
1.873898327992966273e+01
1.873269983746865819e+01
1.872638620333478343e+01
1.872004227847760660e+01
1.871366796446211467e+01
1.870726316348601870e+01
1.870082777839727939e+01
1.869436171271170366e+01
1.868786487063084323e+01
1.868133715705991094e+01
1.867477847762598131e+01
1.866818873869627993e+01
1.866156784739671437e+01
1.865491571163046913e+01
1.864823224009681724e+01
1.864151734231013435e+01
1.863477092861897688e+01
1.862799291022538384e+01
1.862118319920433862e+01
1.861434170852333025e+01
1.860746835206213845e+01
1.860056304463271104e+01
1.859362570199925457e+01
1.858665624089841373e+01
1.857965457905961415e+01
1.857262063522559359e+01
1.856555432917303250e+01
1.855845558173331966e+01
1.855132431481352029e+01
1.854416045141736902e+01
1.853696391566657198e+01
1.852973463282203070e+01
1.852247252930538579e+01
1.851517753272058542e+01
1.850784957187556046e+01
1.850048857680415892e+01
1.849309447878803070e+01
1.848566721037873251e+01
1.847820670541995369e+01
1.847071289906979175e+01
1.846318572782318057e+01
1.845562512953443957e+01
1.844803104343986888e+01
1.844040341018050455e+01
1.843274217182494112e+01
1.842504727189223956e+01
1.841731865537494528e+01
1.840955626876218076e+01
1.840176006006283416e+01
1.839392997882878689e+01
1.838606597617827987e+01
1.837816800481929747e+01
1.837023601907300829e+01
1.836226997489734813e+01
1.835426982991056022e+01
1.834623554341484919e+01
1.833816707642010968e+01
1.833006439166756252e+01
1.832192745365365383e+01
1.831375622865375163e+01
1.830555068474604852e+01
1.829731079183541453e+01
1.828903652167725724e+01
1.828072784790144212e+01
1.827238474603618457e+01
1.826400719353197744e+01
1.825559516978549013e+01
1.824714865616346771e+01
1.823866763602661933e+01
1.823015209475352094e+01
1.822160201976441485e+01
1.821301740054507334e+01
1.820439822867054502e+01
1.819574449782891890e+01
1.818705620384501742e+01
1.817833334470400075e+01
1.816957592057497095e+01
1.816078393383448741e+01
1.815195738908997569e+01
1.814309629320310435e+01
1.813420065531303038e+01
1.812527048685958064e+01
1.811630580160633741e+01
1.810730661566356758e+01
1.809827294751109505e+01
1.808920481802102387e+01
1.808010225048033348e+01
1.807096527061330704e+01
1.806179390660388862e+01
1.805258818911782370e+01
1.804334815132467185e+01
1.803407382891961319e+01
1.802476526014515201e+01
1.801542248581256445e+01
1.800604554932318280e+01
1.799663449668954485e+01
1.798718937655618433e+01
1.797771024022038588e+01
1.796819714165257409e+01
1.795865013751657457e+01
1.794906928718957673e+01
1.793945465278185480e+01
1.792980629915627588e+01
1.792012429394748096e+01
1.791040870758087422e+01
1.790065961329126054e+01
1.789087708714120595e+01
1.788106120803917776e+01
1.787121205775725130e+01
1.786132972094861415e+01
1.785141428516471507e+01
1.784146584087203635e+01
1.783148448146860687e+01
1.782147030330010296e+01
1.781142340567563309e+01
1.780134389088309987e+01
1.779123186420430258e+01
1.778108743392952462e+01
1.777091071137181899e+01
1.776070181088087452e+01
1.775046084985644868e+01
1.774018794876143090e+01
1.772988323113443343e+01
1.771954682360197708e+01
1.770917885589025076e+01
1.769877946083635223e+01
1.768834877439919140e+01
1.767788693566980740e+01
1.766739408688125579e+01
1.765687037341803745e+01
1.764631594382504076e+01
1.763573094981590472e+01
1.762511554628096988e+01
1.761446989129464669e+01
1.760379414612235038e+01
1.759308847522677155e+01
1.758235304627372031e+01
1.757158803013740567e+01
1.756079360090508601e+01
1.754996993588127197e+01
1.753911721559127912e+01
1.752823562378421585e+01
1.751732534743544178e+01
1.750638657674837972e+01
1.749541950515572353e+01
1.748442432932012025e+01
1.747340124913414527e+01
1.746235046771974453e+01
1.745127219142700170e+01
1.744016662983226951e+01
1.742903399573575740e+01
1.741787450515833413e+01
1.740668837733778318e+01
1.739547583472443648e+01
1.738423710297602653e+01
1.737297241095199496e+01
1.736168199070704787e+01
1.735036607748413573e+01
1.733902490970662669e+01
1.732765872896994708e+01
1.731626778003240474e+01
1.730485231080537645e+01
1.729341257234288065e+01
1.728194881883024081e+01
1.727046130757231879e+01
1.725895029898083877e+01
1.724741605656107524e+01
1.723585884689787306e+01
1.722427893964085399e+01
1.721267660748903339e+01
1.720105212617460566e+01
1.718940577444607598e+01
1.717773783405070276e+01
1.716604858971611236e+01
1.715433832913129208e+01
1.714260734292681576e+01
1.713085592465435525e+01
1.711908437076548140e+01
1.710729298058970116e+01
1.709548205631182327e+01
1.708365190294856362e+01
1.707180282832446849e+01
1.705993514304703496e+01
1.704804916048125207e+01
1.703614519672326111e+01
1.702422357057343305e+01
1.701228460350864680e+01
1.700032861965392783e+01
1.698835594575330532e+01
1.697636691114001195e+01
1.696436184770600519e+01
1.695234108987068922e+01
1.694030497454905415e+01
1.692825384111910481e+01
1.691618803138852556e+01
1.690410788956075194e+01
1.689201376220035300e+01
1.687990599819767823e+01
1.686778494873296097e+01
1.685565096723961531e+01
1.684350440936702853e+01
1.683134563294260033e+01
1.681917499793320658e+01
1.680699286640598800e+01
1.679479960248854908e+01
1.678259557232854604e+01
1.677038114405263158e+01
1.675815668772481359e+01
1.674592257530427020e+01
1.673367918060251114e+01
1.672142687923999560e+01
1.670916604860223131e+01
1.669689706779522709e+01
1.668462031760051545e+01
1.667233618042952514e+01
1.666004504027753441e+01
1.664774728267705939e+01
1.663544329465073446e+01
1.662313346466373076e+01
1.661081818257569509e+01
1.659849783959219849e+01
1.658617282821576211e+01
1.657384354219641764e+01
1.656151037648185564e+01
1.654917372716714041e+01
1.653683399144404831e+01
1.652449156754997261e+01
1.651214685471650512e+01
1.649980025311761267e+01
1.648745216381747625e+01
1.647510298871800671e+01
1.646275313050603373e+01
1.645040299260014294e+01
1.643805297909731777e+01
1.642570349471922597e+01
1.641335494475823253e+01
1.640100773502323861e+01
1.638866227178520418e+01
1.637631896172253576e+01
1.636397821186618629e+01
1.635164042954462360e+01
1.633930602232862839e+01
1.632697539797589670e+01
1.631464896437553946e+01
1.630232712949246121e+01
1.629001030131155048e+01
1.627769888778193774e+01
1.626539329676099754e+01
1.625309393595842522e+01
1.624080121288020351e+01
1.622851553477255138e+01
1.621623730856588708e+01
1.620396694081874500e+01
1.619170483766179558e+01
1.617945140474181898e+01
1.616720704716577828e+01
1.615497216944497794e+01
1.614274717543925419e+01
1.613053246830131826e+01
1.611832845042120610e+01
1.610613552337087739e+01
1.609395408784891401e+01
1.608178454362545651e+01
1.606962728948729691e+01
1.605748272318316339e+01
1.604535124136920743e+01
1.603323323955479296e+01
1.602112911204845958e+01
1.600903925190416643e+01
1.599696405086787543e+01
1.598490389932434397e+01
1.597285918624425882e+01
1.596083029913177675e+01
1.594881762397224811e+01
1.593682154518043248e+01
1.592484244554905359e+01
1.591288070619769179e+01
1.590093670652212410e+01
1.588901082414406574e+01
1.587710343486134512e+01
1.586521491259849448e+01
1.585334562935787517e+01
1.584149595517113696e+01
1.582966625805131500e+01
1.581785690394530342e+01
1.580606825668692395e+01
1.579430067795041559e+01
1.578255452720459928e+01
1.577083016166743690e+01
1.575912793626128838e+01
1.574744820356862895e+01
1.573579131378840223e+01
1.572415761469296847e+01
1.571254745158563715e+01
1.570096116725883029e+01
1.568939910195284249e+01
1.567786159331529561e+01
1.566634897636115653e+01
1.565486158343347434e+01
1.564339974416476231e+01
1.563196378543904785e+01
1.562055403135459741e+01
1.560917080318733952e+01
1.559781441935500368e+01
1.558648519538192900e+01
1.557518344386461173e+01
1.556390947443795980e+01
1.555266359374228813e+01
1.554144610539103510e+01
1.553025730993921449e+01
1.551909750485266493e+01
1.550796698447792465e+01
1.549686604001303891e+01
1.548579495947898366e+01
1.547475402769189934e+01
1.546374352623615955e+01
1.545276373343810050e+01
1.544181492434060488e+01
1.543089737067848688e+01
1.542001134085457892e+01
1.540915709991665317e+01
1.539833490953516915e+01
1.538754502798175672e+01
1.537678771010849310e+01
1.536606320732802011e+01
1.535537176759443945e+01
1.534471363538496824e+01
1.533408905168241887e+01
1.532349825395855092e+01
1.531294147615805379e+01
1.530241894868348496e+01
1.529193089838093833e+01
1.528147754852649420e+01
1.527105911881349165e+01
1.526067582534062161e+01
1.525032788060070388e+01
1.524001549347040374e+01
1.522973886920060949e+01
1.521949820940767317e+01
1.520929371206535841e+01
1.519912557149767274e+01
1.518899397837236087e+01
1.517889911969525585e+01
1.516884117880532301e+01
1.515882033537055129e+01
1.514883676538453017e+01
1.513889064116378869e+01
1.512898213134595160e+01
1.511911140088855277e+01
1.510927861106862125e+01
1.509948391948300106e+01
1.508972748004942765e+01
1.508000944300824386e+01
1.507032995492492411e+01
1.506068915869322389e+01
1.505108719353908953e+01
1.504152419502523230e+01
1.503200029505639179e+01
1.502251562188530087e+01
1.501307030011926891e+01
1.500366445072750210e+01
1.499429819104900652e+01
1.498497163480120165e+01
1.497568489208916809e+01
1.496643806941542287e+01
1.495723126969050476e+01
1.494806459224402317e+01
1.493893813283633065e+01
1.492985198367090582e+01
1.492080623340717693e+01
1.491180096717400794e+01
1.490283626658376193e+01
1.489391220974687968e+01
1.488502887128704089e+01
1.487618632235686356e+01
1.486738463065412397e+01
1.485862386043851302e+01
1.484990407254889710e+01
1.484122532442111719e+01
1.483258767010619295e+01
1.482399116028911301e+01
1.481543584230805344e+01
1.480692176017404016e+01
1.479844895459109111e+01
1.479001746297682018e+01
1.478162731948342312e+01
1.477327855501913234e+01
1.476497119727006258e+01
1.475670527072247040e+01
1.474848079668537792e+01
1.474029779331364054e+01
1.473215627563131491e+01
1.472405625555543551e+01
1.471599774192012511e+01
1.470798074050105164e+01
1.470000525404022440e+01
1.469207128227108150e+01
1.468417882194392377e+01
1.467632786685163104e+01
1.466851840785568051e+01
1.466075043291240299e+01
1.465302392709958212e+01
1.464533887264326495e+01
1.463769524894481933e+01
1.463009303260823835e+01
1.462253219746771293e+01
1.461501271461537854e+01
1.460753455242927323e+01
1.460009767660152136e+01
1.459270205016671085e+01
1.458534763353042862e+01
1.457803438449797007e+01
1.457076225830324745e+01
1.456353120763779607e+01
1.455634118267999177e+01
1.454919213112432352e+01
1.454208399821087205e+01
1.453501672675484357e+01
1.452799025717627046e+01
1.452100452752971727e+01
1.451405947353421055e+01
1.450715502860313322e+01
1.450029112387424846e+01
1.449346768823977527e+01
1.448668464837653147e+01
1.447994192877611397e+01
1.447323945177511995e+01
1.446657713758540176e+01
1.445995490432435204e+01
1.445337266804520304e+01
1.444683034276734901e+01
1.444032784050661355e+01
1.443386507130558982e+01
1.442744194326392027e+01
1.442105836256856755e+01
1.441471423352404813e+01
1.440840945858265698e+01
1.440214393837461948e+01
1.439591757173820952e+01
1.438973025574984277e+01
1.438358188575404739e+01
1.437747235539340096e+01
1.437140155663842300e+01
1.436536937981733786e+01
1.435937571364576826e+01
1.435342044525635963e+01
1.434750346022826939e+01
1.434162464261658698e+01
1.433578387498164197e+01
1.432998103841815229e+01
1.432421601258434229e+01
1.431848867573083162e+01
1.431279890472948502e+01
1.430714657510208809e+01
1.430153156104886492e+01
1.429595373547689974e+01
1.429041297002837752e+01
1.428490913510869298e+01
1.427944209991436608e+01
1.427401173246085264e+01
1.426861789961013649e+01
1.426326046709821682e+01
1.425793929956232553e+01
1.425265426056808415e+01
1.424740521263639614e+01
1.424219201727019524e+01
1.423701453498098601e+01
1.423187262531522634e+01
1.422676614688049668e+01
1.422169495737143130e+01
1.421665891359559275e+01
1.421165787149893411e+01
1.420669168619126310e+01
1.420176021197135263e+01
1.419686330235194305e+01
1.419200081008443703e+01
1.418717258718348617e+01
1.418237848495129150e+01
1.417761835400168735e+01
1.417289204428405824e+01
1.416819940510696973e+01
1.416354028516162167e+01
1.415891453254506871e+01
1.415432199478320285e+01
1.414976251885350855e+01
1.414523595120762067e+01
1.414074213779359646e+01
1.413628092407799031e+01
1.413185215506773673e+01
1.412745567533170821e+01
1.412309132902209718e+01
1.411875895989558138e+01
1.411445841133419243e+01
1.411018952636601043e+01
1.410595214768556716e+01
1.410174611767405750e+01
1.409757127841928437e+01
1.409342747173538157e+01
1.408931453918228094e+01
1.408523232208496090e+01
1.408118066155243042e+01
1.407715939849652287e+01
1.407316837365038431e+01
1.406920742758677001e+01
1.406527640073609042e+01
1.406137513340423162e+01
1.405750346579008259e+01
1.405366123800292044e+01
1.404984829007945279e+01
1.404606446200071623e+01
1.404230959370865328e+01
1.403858352512254726e+01
1.403488609615511784e+01
1.403121714672846387e+01
1.402757651678974504e+01
1.402396404632661486e+01
1.402037957538244228e+01
1.401682294407128815e+01
1.401329399259265784e+01
1.400979256124602657e+01
1.400631849044512300e+01
1.400287162073201941e+01
1.399945179279092677e+01
1.399605884746184614e+01
1.399269262575393924e+01
1.398935296885870549e+01
1.398603971816289793e+01
1.398275271526127206e+01
1.397949180196908614e+01
1.397625682033438466e+01
1.397304761265003492e+01
1.396986402146562334e+01
1.396670588959906745e+01
1.396357306014806809e+01
1.396046537650128272e+01
1.395738268234935298e+01
1.395432482169571564e+01
1.395129163886715951e+01
1.394828297852424548e+01
1.394529868567146025e+01
1.394233860566720118e+01
1.393940258423357115e+01
1.393649046746593889e+01
1.393360210184233949e+01
1.393073733423265992e+01
1.392789601190760784e+01
1.392507798254756679e+01
1.392228309425115640e+01
1.391951119554368255e+01
1.391676213538537077e+01
1.391403576317942736e+01
1.391133192877990510e+01
1.390865048249935221e+01
1.390599127511640631e+01
1.390335415788303131e+01
1.390073898253174889e+01
1.389814560128255039e+01
1.389557386684977480e+01
1.389302363244867600e+01
1.389049475180195259e+01
1.388798707914600783e+01
1.388550046923711001e+01
1.388303477735735036e+01
1.388058985932045530e+01
1.387816557147746366e+01
1.387576177072218009e+01
1.387337831449653613e+01
1.387101506079578961e+01
1.386867186817352859e+01
1.386634859574654932e+01
1.386404510319963812e+01
1.386176125079008159e+01
1.385949689935218210e+01
1.385725191030150505e+01
1.385502614563905155e+01
1.385281946795529251e+01
1.385063174043400025e+01
1.384846282685606056e+01
1.384631259160302008e+01
1.384418089966059995e+01
1.384206761662201046e+01
1.383997260869121781e+01
1.383789574268598344e+01
1.383583688604086781e+01
1.383379590681003890e+01
1.383177267367002017e+01
1.382976705592228051e+01
1.382777892349571758e+01
1.382580814694902394e+01
1.382385459747292700e+01
1.382191814689235621e+01
1.381999866766842011e+01
1.381809603290038524e+01
1.381621011632742224e+01
1.381434079233037338e+01
1.381248793593327662e+01
1.381065142280492708e+01
1.380883112926023237e+01
1.380702693226150402e+01
1.380523870941968312e+01
1.380346633899540976e+01
1.380170969990002838e+01
1.379996867169650798e+01
1.379824313460027696e+01
1.379653296947989816e+01
1.379483805785775630e+01
1.379315828191059623e+01
1.379149352446998300e+01
1.378984366902267311e+01
1.378820859971093782e+01
1.378658820133276564e+01
1.378498235934198668e+01
1.378339095984837392e+01
1.378181388961756504e+01
1.378025103607101620e+01
1.377870228728581203e+01
1.377716753199442934e+01
1.377564665958442269e+01
1.377413956009805673e+01
1.377264612423181234e+01
1.377116624333592476e+01
1.376969980941375660e+01
1.376824671512114939e+01
1.376680685376575042e+01
1.376538011930619199e+01
1.376396640635126012e+01
1.376256561015902946e+01
1.376117762663587563e+01
1.375980235233548399e+01
1.375843968445775189e+01
1.375708952084772108e+01
1.375575175999433242e+01
1.375442630102924824e+01
1.375311304372554666e+01
1.375181188849640357e+01
1.375052273639368572e+01
1.374924548910658295e+01
1.374798004896005388e+01
1.374672631891335328e+01
1.374548420255847070e+01
1.374425360411850860e+01
1.374303442844599843e+01
1.374182658102128052e+01
1.374062996795068869e+01
1.373944449596484318e+01
1.373827007241680853e+01
1.373710660528021954e+01
1.373595400314744808e+01
1.373481217522763131e+01
1.373368103134475504e+01
1.373256048193562862e+01
1.373145043804787768e+01
1.373035081133789426e+01
1.372926151406873174e+01
1.372818245910799462e+01
1.372711355992570148e+01
1.372605473059209480e+01
1.372500588577545244e+01
1.372396694073983170e+01
1.372293781134284885e+01
1.372191841403336809e+01
1.372090866584920299e+01
1.371990848441480004e+01
1.371891778793885663e+01
1.371793649521199221e+01
1.371696452560430046e+01
1.371600179906295836e+01
1.371504823610979429e+01
1.371410375783881186e+01
1.371316828591373316e+01
1.371224174256549055e+01
1.371132405058971848e+01
1.371041513334425410e+01
1.370951491474653317e+01
1.370862331927110489e+01
1.370774027194699585e+01
1.370686569835515023e+01
1.370599952462585769e+01
1.370514167743606926e+01
1.370429208400684296e+01
1.370345067210065615e+01
1.370261737001879077e+01
1.370179210659863323e+01
1.370097481121106675e+01
1.370016541375773755e+01
1.369936384466838142e+01
1.369857003489814140e+01
1.369778391592485178e+01
1.369700541974633090e+01
1.369623447887766865e+01
1.369547102634848024e+01
1.369471499570019546e+01
1.369396632098332312e+01
1.369322493675469232e+01
1.369249077807472759e+01
1.369176378050468657e+01
1.369104388010390316e+01
1.369033101342705017e+01
1.368962511752134148e+01
1.368892612992380897e+01
1.368823398865853491e+01
1.368754863223384532e+01
1.368686999963958506e+01
1.368619803034435378e+01
1.368553266429267268e+01
1.368487384190231460e+01
1.368422150406143878e+01
1.368357559212589614e+01
1.368293604791641727e+01
1.368230281371585733e+01
1.368167583226644091e+01
1.368105504676700157e+01
1.368044040087019830e+01
1.367983183867975505e+01
1.367922930474777488e+01
1.367863274407187824e+01
1.367804210209253668e+01
1.367745732469029996e+01
1.367687835818303732e+01
1.367630514932323571e+01
1.367573764529523572e+01
1.367517579371252623e+01
1.367461954261499457e+01
1.367406884046623183e+01
1.367352363615080968e+01
1.367298387897157497e+01
1.367244951864693903e+01
1.367192050530820069e+01
1.367139678949683557e+01
1.367087832216183152e+01
1.367036505465700813e+01
1.366985693873832552e+01
1.366935392656126247e+01
1.366885597067811986e+01
1.366836302403539882e+01
1.366787503997116637e+01
1.366739197221238733e+01
1.366691377487235570e+01
1.366644040244800529e+01
1.366597180981738191e+01
1.366550795223697001e+01
1.366504878533917378e+01
1.366459426512967390e+01
1.366414434798487676e+01
1.366369899064937243e+01
1.366325815023333590e+01
1.366282178421001881e+01
1.366238985041319509e+01
1.366196230703463854e+01
1.366153911262160570e+01
1.366112022607432230e+01
1.366070560664350708e+01
1.366029521392784041e+01
1.365988900787153781e+01
1.365948694876185776e+01
1.365908899722662717e+01
1.365869511423183269e+01
1.365830526107916576e+01
1.365791939940357125e+01
1.365753749117088667e+01
1.365715949867539969e+01
1.365678538453744828e+01
1.365641511170106881e+01
1.365604864343160862e+01
1.365568594331335106e+01
1.365532697524719197e+01
1.365497170344827715e+01
1.365462009244369312e+01
1.365427210707013828e+01
1.365392771247162962e+01
1.365358687409718996e+01
1.365324955769859372e+01
1.365291572932805764e+01
1.365258535533601680e+01
1.365225840236886867e+01
1.365193483736671709e+01
1.365161462756116428e+01
1.365129774047310285e+01
1.365098414391048998e+01
1.365067380596619984e+01
1.365036669501577471e+01
1.365006277971534843e+01
1.364976202899940638e+01
1.364946441207871608e+01
1.364916989843812622e+01
1.364887845783450615e+01
1.364859006029460531e+01
1.364830467611295894e+01
1.364802227584982752e+01
1.364774283032909175e+01
1.364746631063620264e+01
1.364719268811616715e+01
1.364692193437144141e+01
1.364665402125998916e+01
1.364638892089319278e+01
1.364612660563390811e+01
1.364586704809443951e+01
1.364561022113458222e+01
1.364535609785964532e+01
1.364510465161850306e+01
1.364485585600166750e+01
1.364460968483932213e+01
1.364436611219944240e+01
1.364412511238585779e+01
1.364388665993638661e+01
1.364365072962092107e+01
1.364341729643958523e+01
1.364318633562085381e+01
1.364295782261972434e+01
1.364273173311585552e+01
1.364250804301178199e+01
1.364228672843104206e+01
1.364206776571643331e+01
1.364185113142820960e+01
1.364163680234227094e+01
1.364142475544843691e+01
1.364121496794867738e+01
1.364100741725535393e+01
1.364080208098950564e+01
1.364059893697913672e+01
1.364039796325747567e+01
1.364019913806131434e+01
1.364000243982928318e+01
1.363980784720022399e+01
1.363961533901146872e+01
1.363942489429724070e+01
1.363923649228697954e+01
1.363905011240372822e+01
1.363886573426248638e+01
1.363868333766864183e+01
1.363850290261635401e+01
1.363832440928695533e+01
1.363814783804739506e+01
1.363797316944868854e+01
1.363780038422430074e+01
1.363762946328870029e+01
1.363746038773572344e+01
1.363729313883715477e+01
1.363712769804113556e+01
1.363696404697071074e+01
1.363680216742231543e+01
1.363664204136432545e+01
1.363648365093555448e+01
1.363632697844382768e+01
1.363617200636451621e+01
1.363601871733910897e+01
1.363586709417379161e+01
1.363571711983800760e+01
1.363556877746309226e+01
1.363542205034084098e+01
1.363527692192213792e+01
1.363513337581560236e+01
1.363499139578618902e+01
1.363485096575383793e+01
1.363471206979216888e+01
1.363457469212711359e+01
1.363443881713558348e+01
1.363430442934417464e+01
1.363417151342786049e+01
1.363404005420870035e+01
1.363391003665453383e+01
1.363378144587772312e+01
1.363365426713388118e+01
1.363352848582062116e+01
1.363340408747629873e+01
1.363328105777878463e+01
1.363315938254422122e+01
1.363303904772582698e+01
1.363292003941266550e+01
1.363280234382846423e+01
1.363268594733038697e+01
1.363257083640790768e+01
1.363245699768158836e+01
1.363234441790195106e+01
1.363223308394829125e+01
1.363212298282755164e+01
1.363201410167317817e+01
1.363190642774400096e+01
1.363179994842310272e+01
1.363169465121671742e+01
1.363159052375312363e+01
1.363148755378155563e+01
1.363138572917111091e+01
1.363128503790967905e+01
1.363118546810286880e+01
1.363108700797297601e+01
1.363098964585788408e+01
1.363089337021006742e+01
1.363079816959552204e+01
1.363070403269276731e+01
1.363061094829181918e+01
1.363051890529316523e+01
1.363042789270678590e+01
1.363033789965115083e+01
1.363024891535222949e+01
1.363016092914252653e+01
1.363007393046008353e+01
1.362998790884756595e+01
1.362990285395124701e+01
1.362981875552012845e+01
1.362973560340494572e+01
1.362965338755726563e+01
1.362957209802855374e+01
1.362949172496927019e+01
1.362941225862794958e+01
1.362933368935028611e+01
1.362925600757827560e+01
1.362917920384931136e+01
1.362910326879529599e+01
1.362902819314177627e+01
1.362895396770709056e+01
1.362888058340149477e+01
1.362880803122630624e+01
1.362873630227309718e+01
1.362866538772282965e+01
1.362859527884500999e+01
1.362852596699691077e+01
1.362845744362271283e+01
1.362838970025273611e+01
1.362832272850260296e+01
1.362825652007245658e+01
1.362819106674618297e+01
1.362812636039060266e+01
1.362806239295474064e+01
1.362799915646898619e+01
1.362793664304441954e+01
1.362787484487197709e+01
1.362781375422174257e+01
1.362775336344219745e+01
1.362769366495949441e+01
1.362763465127668994e+01
1.362757631497306399e+01
1.362751864870337215e+01
1.362746164519715464e+01
1.362740529725800087e+01
1.362734959776289045e+01
1.362729453966146309e+01
1.362724011597535245e+01
1.362718631979747563e+01
1.362713314429140787e+01
1.362708058269066136e+01
1.362702862829804928e+01
1.362697727448501261e+01
1.362692651469097171e+01
1.362687634242268331e+01
1.362682675125359744e+01
1.362677773482321264e+01
1.362672928683645246e+01
1.362668140106304016e+01
1.362663407133687521e+01
1.362658729155541337e+01
1.362654105567908580e+01
1.362649535773065068e+01
1.362645019179462658e+01
1.362640555201669557e+01
1.362636143260309929e+01
1.362631782782007939e+01
1.362627473199327000e+01
1.362623213950715240e+01
1.362619004480448837e+01
1.362614844238570733e+01
1.362610732680842673e+01
1.362606669268684279e+01
1.362602653469119574e+01
1.362598684754723166e+01
1.362594762603566778e+01
1.362590886499164711e+01
1.362587055930421442e+01
1.362583270391580115e+01
1.362579529382169596e+01
1.362575832406952436e+01
1.362572178975876014e+01
1.362568568604018182e+01
1.362565000811543214e+01
1.362561475123646026e+01
1.362557991070505636e+01
1.362554548187236136e+01
1.362551146013838732e+01
1.362547784095154313e+01
1.362544461980813360e+01
1.362541179225191890e+01
1.362537935387363675e+01
1.362534730031052632e+01
1.362531562724590373e+01
1.362528433040867881e+01
1.362525340557291820e+01
1.362522284855738519e+01
1.362519265522512413e+01
1.362516282148300917e+01
1.362513334328128956e+01
1.362510421661321125e+01
1.362507543751453731e+01
1.362504700206316777e+01
1.362501890637867419e+01
1.362499114662194621e+01
1.362496371899474212e+01
1.362493661973928205e+01
1.362490984513785541e+01
1.362488339151241945e+01
1.362485725522421198e+01
1.362483143267334107e+01
1.362480592029840487e+01
1.362478071457612749e+01
1.362475581202093444e+01
1.362473120918462932e+01
1.362470690265596396e+01
1.362468288906030622e+01
1.362465916505925279e+01
1.362463572735029160e+01
1.362461257266640402e+01
1.362458969777574147e+01
1.362456709948123823e+01
1.362454477462030411e+01
1.362452272006443366e+01
1.362450093271888818e+01
1.362447940952234582e+01
1.362445814744657113e+01
1.362443714349607582e+01
1.362441639470777766e+01
1.362439589815069141e+01
1.362437565092558422e+01
1.362435565016467365e+01
1.362433589303129366e+01
1.362431637671958562e+01
1.362429709845417491e+01
1.362427805548987969e+01
1.362425924511137687e+01
1.362424066463292505e+01
1.362422231139805717e+01
1.362420418277924661e+01
1.362418627617768863e+01
1.362416858902289540e+01
1.362415111877253615e+01
1.362413386291203388e+01
1.362411681895435400e+01
1.362409998443968284e+01
1.362408335693517181e+01
1.362406693403466384e+01
1.362405071335838080e+01
1.362403469255270139e+01
1.362401886928984673e+01
1.362400324126766371e+01
1.362398780620931760e+01
1.362397256186303984e+01
1.362395750600189359e+01
1.362394263642350545e+01
1.362392795094977060e+01
1.362391344742667521e+01
1.362389912372400325e+01
1.362388497773507368e+01
1.362387100737653611e+01
1.362385721058810617e+01
1.362384358533233986e+01
1.362383012959437245e+01
1.362381684138171778e+01
1.362380371872399110e+01
1.362379075967272968e+01
1.362377796230111926e+01
1.362376532470379509e+01
1.362375284499661632e+01
1.362374052131642621e+01
1.362372835182086206e+01
1.362371633468809229e+01
1.362370446811665659e+01
1.362369275032521188e+01
1.362368117955234403e+01
1.362366975405633873e+01
1.362365847211499492e+01
1.362364733202539746e+01
1.362363633210374658e+01
1.362362547068512164e+01
1.362361474612330170e+01
1.362360415679056302e+01
1.362359370107749079e+01
1.362358337739277481e+01
1.362357318416303542e+01
1.362356311983259616e+01
1.362355318286335049e+01
1.362354337173453445e+01
1.362353368494255967e+01
1.362352412100082510e+01
1.362351467843953579e+01
1.362350535580554656e+01
1.362349615166213823e+01
1.362348706458889147e+01
1.362347809318148961e+01
1.362346923605154814e+01
1.362346049182644236e+01
1.362345185914915469e+01
1.362344333667809160e+01
1.362343492308692205e+01
1.362342661706441937e+01
1.362341841731429781e+01
1.362341032255505269e+01
1.362340233151980762e+01
1.362339444295613156e+01
1.362338665562591622e+01
1.362337896830521977e+01
1.362337137978408563e+01
1.362336388886642347e+01
1.362335649436983509e+01
1.362334919512549725e+01
1.362334198997796619e+01
1.362333487778511554e+01
1.362332785741788044e+01
1.362332092776022741e+01
1.362331408770892871e+01
1.362330733617348422e+01
1.362330067207593309e+01
1.362329409435076677e+01
1.362328760194474953e+01
1.362328119381682257e+01
1.362327486893793882e+01
1.362326862629096524e+01
1.362326246487051407e+01
1.362325638368285929e+01
1.362325038174576974e+01
1.362324445808842377e+01
1.362323861175123341e+01
1.362323284178578220e+01
1.362322714725464756e+01
1.362322152723131374e+01
1.362321598080004215e+01
1.362321050705575942e+01
1.362320510510393134e+01
1.362319977406045446e+01
1.362319451305153173e+01
1.362318932121357840e+01
1.362318419769310296e+01
1.362317914164656685e+01
1.362317415224031691e+01
1.362316922865045754e+01
1.362316437006274050e+01
1.362315957567247260e+01
1.362315484468438243e+01
1.362315017631255287e+01
1.362314556978027902e+01
1.362314102432001306e+01
1.362313653917320266e+01
1.362313211359025544e+01
1.362312774683039862e+01
1.362312343816157600e+01
1.362311918686038226e+01
1.362311499221195099e+01
1.362311085350986595e+01
1.362310677005603665e+01
1.362310274116065223e+01
1.362309876614206061e+01
1.362309484432667439e+01
1.362309097504890865e+01
1.362308715765106015e+01
1.362308339148323455e+01
1.362307967590325930e+01
1.362307601027659487e+01
1.362307239397624414e+01
1.362306882638266536e+01
1.362306530688372419e+01
1.362306183487456046e+01
1.362305840975752425e+01
1.362305503094211545e+01
1.362305169784486480e+01
1.362304840988929477e+01
1.362304516650583075e+01
1.362304196713168736e+01
1.362303881121083826e+01
1.362303569819390781e+01
1.362303262753813371e+01
1.362302959870723740e+01
1.362302661117140801e+01
1.362302366440718160e+01
1.362302075789739320e+01
1.362301789113111816e+01
1.362301506360356207e+01
1.362301227481602872e+01
1.362300952427583134e+01
1.362300681149622328e+01
1.362300413599635718e+01
1.362300149730117305e+01
1.362299889494135385e+01
1.362299632845329000e+01
1.362299379737896388e+01
1.362299130126590541e+01
1.362298883966714769e+01
1.362298641214113282e+01
1.362298401825167815e+01
1.362298165756788748e+01
1.362297932966411373e+01
1.362297703411988792e+01
1.362297477051985339e+01
1.362297253845373390e+01
1.362297033751623054e+01
1.362296816730701288e+01
1.362296602743062479e+01
1.362296391749644187e+01
1.362296183711862163e+01
1.362295978591605206e+01
1.362295776351226451e+01
1.362295576953541243e+01
1.362295380361823227e+01
1.362295186539791914e+01
1.362294995451616586e+01
1.362294807061905288e+01
1.362294621335700739e+01
1.362294438238475358e+01
1.362294257736128067e+01
1.362294079794977897e+01
1.362293904381757237e+01
1.362293731463610769e+01
1.362293561008088361e+01
1.362293392983140805e+01
1.362293227357114844e+01
1.362293064098748552e+01
1.362292903177167780e+01
1.362292744561880298e+01
1.362292588222773482e+01
1.362292434130104368e+01
1.362292282254504272e+01
1.362292132566965286e+01
1.362291985038842945e+01
1.362291839641846281e+01
1.362291696348040482e+01
1.362291555129834286e+01
1.362291415959982643e+01
1.362291278811581741e+01
1.362291143658060477e+01
1.362291010473182951e+01
1.362290879231037799e+01
1.362290749906039444e+01
1.362290622472924007e+01
1.362290496906742554e+01
1.362290373182857373e+01
1.362290251276943742e+01
1.362290131164977858e+01
1.362290012823241625e+01
1.362289896228312358e+01
1.362289781357062246e+01
1.362289668186656044e+01
1.362289556694544856e+01
1.362289446858465425e+01
1.362289338656432669e+01
1.362289232066741640e+01
1.362289127067959704e+01
1.362289023638927254e+01
1.362288921758749716e+01
1.362288821406797723e+01
1.362288722562705345e+01
1.362288625206360848e+01
1.362288529317912378e+01
1.362288434877755350e+01
1.362288341866536534e+01
1.362288250265148548e+01
1.362288160054727726e+01
1.362288071216647900e+01
1.362287983732521646e+01
1.362287897584197616e+01
1.362287812753752902e+01
1.362287729223494637e+01
1.362287646975956612e+01
1.362287565993893779e+01
1.362287486260284730e+01
1.362287407758322821e+01
1.362287330471417945e+01
1.362287254383192625e+01
1.362287179477478638e+01
1.362287105738317017e+01
1.362287033149950766e+01
1.362286961696828413e+01
1.362286891363597441e+01
1.362286822135101616e+01
1.362286753996380639e+01
1.362286686932667656e+01
1.362286620929384995e+01
1.362286555972144519e+01
1.362286492046741948e+01
1.362286429139158805e+01
1.362286367235555673e+01
1.362286306322273788e+01
1.362286246385829003e+01
1.362286187412915872e+01
1.362286129390397527e+01
1.362286072305309936e+01
1.362286016144854628e+01
1.362285960896402237e+01
1.362285906547486825e+01
1.362285853085804099e+01
1.362285800499209465e+01
1.362285748775717842e+01
1.362285697903499582e+01
1.362285647870879934e+01
1.362285598666334963e+01
1.362285550278493673e+01
1.362285502696131090e+01
1.362285455908171983e+01
1.362285409903682165e+01
1.362285364671875776e+01
1.362285320202103911e+01
1.362285276483858532e+01
1.362285233506770510e+01
1.362285191260606432e+01
1.362285149735267886e+01
1.362285108920786847e+01
1.362285068807330646e+01
1.362285029385191848e+01
1.362284990644793048e+01
1.362284952576683494e+01
1.362284915171536426e+01
1.362284878420148360e+01
