9.999999999984454657e-01
9.999999999937125850e-01
9.999999999857003274e-01
9.999999999743047763e-01
9.999999999594224587e-01
9.999999999409457940e-01
9.999999999187686450e-01
9.999999998927807665e-01
9.999999998628686937e-01
9.999999998289205161e-01
9.999999997908201044e-01
9.999999997484511072e-01
9.999999997016925102e-01
9.999999996504261857e-01
9.999999995945264564e-01
9.999999995338691994e-01
9.999999994683269611e-01
9.999999993977727319e-01
9.999999993220732852e-01
9.999999992410962824e-01
9.999999991547073863e-01
9.999999990627694846e-01
9.999999989651411347e-01
9.999999988616850022e-01
9.999999987522538714e-01
9.999999986367018590e-01
9.999999985148839698e-01
9.999999983866501019e-01
9.999999982518432695e-01
9.999999981103135926e-01
9.999999979619020873e-01
9.999999978064499917e-01
9.999999976437938809e-01
9.999999974737716624e-01
9.999999972962165806e-01
9.999999971109576613e-01
9.999999969178250403e-01
9.999999967166441905e-01
9.999999965072394748e-01
9.999999962894294825e-01
9.999999960630328033e-01
9.999999958278675827e-01
9.999999955837428622e-01
9.999999953304687939e-01
9.999999950678548633e-01
9.999999947957034507e-01
9.999999945138167146e-01
9.999999942219928162e-01
9.999999939200263643e-01
9.999999936077104135e-01
9.999999932848350204e-01
9.999999929511845798e-01
9.999999926065429312e-01
9.999999922506902506e-01
9.999999918834020507e-01
9.999999915044511800e-01
9.999999911136082664e-01
9.999999907106392749e-01
9.999999902953061737e-01
9.999999898673682663e-01
9.999999894265806377e-01
9.999999889726959301e-01
9.999999885054607907e-01
9.999999880246200901e-01
9.999999875299135921e-01
9.999999870210761754e-01
9.999999864978407205e-01
9.999999859599361107e-01
9.999999854070841243e-01
9.999999848390042079e-01
9.999999842554119223e-01
9.999999836560160560e-01
9.999999830405252865e-01
9.999999824086371891e-01
9.999999817600502272e-01
9.999999810944553147e-01
9.999999804115384805e-01
9.999999797109815347e-01
9.999999789924602922e-01
9.999999782556459049e-01
9.999999775002050839e-01
9.999999767257963246e-01
9.999999759320745696e-01
9.999999751186896546e-01
9.999999742852829776e-01
9.999999734314929389e-01
9.999999725569505005e-01
9.999999716612802958e-01
9.999999707440986318e-01
9.999999698050233699e-01
9.999999688436539413e-01
9.999999678595924424e-01
9.999999668524298668e-01
9.999999658217519904e-01
9.999999647671360403e-01
9.999999636881524712e-01
9.999999625843636331e-01
9.999999614553265470e-01
9.999999603005881310e-01
9.999999591196880866e-01
9.999999579121584548e-01
9.999999566775245041e-01
9.999999554152981807e-01
9.999999541249893209e-01
9.999999528060918852e-01
9.999999514580963922e-01
9.999999500804847008e-01
9.999999486727236819e-01
9.999999472342769868e-01
9.999999457645940559e-01
9.999999442631155588e-01
9.999999427292740606e-01
9.999999411624910239e-01
9.999999395621738119e-01
9.999999379277235700e-01
9.999999362585283436e-01
9.999999345539661855e-01
9.999999328134009380e-01
9.999999310361895599e-01
9.999999292216710245e-01
9.999999273691783097e-01
9.999999254780280733e-01
9.999999235475243164e-01
9.999999215769600491e-01
9.999999195656139594e-01
9.999999175127525231e-01
9.999999154176267835e-01
9.999999132794741286e-01
9.999999110975185124e-01
9.999999088709694561e-01
9.999999065990207159e-01
9.999999042808522809e-01
9.999999019156272650e-01
9.999998995024930171e-01
9.999998970405824528e-01
9.999998945290102803e-01
9.999998919668765529e-01
9.999998893532623390e-01
9.999998866872326087e-01
9.999998839678353457e-01
9.999998811940972177e-01
9.999998783650303480e-01
9.999998754796270983e-01
9.999998725368592911e-01
9.999998695356798750e-01
9.999998664750248123e-01
9.999998633538059734e-01
9.999998601709151336e-01
9.999998569252260827e-01
9.999998536155886297e-01
9.999998502408318224e-01
9.999998467997612828e-01
9.999998432911620938e-01
9.999998397137962458e-01
9.999998360663988617e-01
9.999998323476859685e-01
9.999998285563450606e-01
9.999998246910426491e-01
9.999998207504164904e-01
9.999998167330829135e-01
9.999998126376252738e-01
9.999998084626089412e-01
9.999998042065644244e-01
9.999997998679993616e-01
9.999997954453921922e-01
9.999997909371906024e-01
9.999997863418161881e-01
9.999997816576609022e-01
9.999997768830836131e-01
9.999997720164117698e-01
9.999997670559467311e-01
9.999997619999539955e-01
9.999997568466656439e-01
9.999997515942860016e-01
9.999997462409779825e-01
9.999997407848781883e-01
9.999997352240844739e-01
9.999997295566576128e-01
9.999997237806267369e-01
9.999997178939787901e-01
9.999997118946708508e-01
9.999997057806122580e-01
9.999996995496838181e-01
9.999996931997200411e-01
9.999996867285165791e-01
9.999996801338314478e-01
9.999996734133781429e-01
9.999996665648295258e-01
9.999996595858144932e-01
9.999996524739199755e-01
9.999996452266868285e-01
9.999996378416116105e-01
9.999996303161445832e-01
9.999996226476910444e-01
9.999996148336055546e-01
9.999996068711979325e-01
9.999995987577257051e-01
9.999995904903996591e-01
9.999995820663771795e-01
9.999995734827654692e-01
9.999995647366177742e-01
9.999995558249369365e-01
9.999995467446682884e-01
9.999995374927020952e-01
9.999995280658752206e-01
9.999995184609652421e-01
9.999995086746921169e-01
9.999994987037178484e-01
9.999994885446428228e-01
9.999994781940069188e-01
9.999994676482898415e-01
9.999994569039046821e-01
9.999994459572034700e-01
9.999994348044727310e-01
9.999994234419322670e-01
9.999994118657329345e-01
9.999994000719613085e-01
9.999993880566291349e-01
9.999993758156839885e-01
9.999993633449948405e-01
9.999993506403624943e-01
9.999993376975097048e-01
9.999993245120890606e-01
9.999993110796707718e-01
9.999992973957519959e-01
9.999992834557461796e-01
9.999992692549909412e-01
9.999992547887384120e-01
9.999992400521603431e-01
9.999992250403405558e-01
9.999992097482827136e-01
9.999991941708973320e-01
9.999991783030109938e-01
9.999991621393566898e-01
9.999991456745790375e-01
9.999991289032268416e-01
9.999991118197560924e-01
9.999990944185277453e-01
9.999990766938021691e-01
9.999990586397469183e-01
9.999990402504198572e-01
9.999990215197841481e-01
9.999990024416978152e-01
9.999989830099085264e-01
9.999989632180629195e-01
9.999989430596948337e-01
9.999989225282307492e-01
9.999989016169805733e-01
9.999988803191444120e-01
9.999988586278041325e-01
9.999988365359223641e-01
9.999988140363447187e-01
9.999987911217960157e-01
9.999987677848727330e-01
9.999987440180525544e-01
9.999987198136813804e-01
9.999986951639746602e-01
9.999986700610223878e-01
9.999986444967747801e-01
9.999986184630501596e-01
9.999985919515271826e-01
9.999985649537472820e-01
9.999985374611077837e-01
9.999985094648617956e-01
9.999984809561174304e-01
9.999984519258326987e-01
9.999984223648139547e-01
9.999983922637177836e-01
9.999983616130414532e-01
9.999983304031243581e-01
9.999982986241472416e-01
9.999982662661262012e-01
9.999982333189115780e-01
9.999981997721879567e-01
9.999981656154650622e-01
9.999981308380831990e-01
9.999980954292052582e-01
9.999980593778136084e-01
9.999980226727113175e-01
9.999979853025170451e-01
9.999979472556603799e-01
9.999979085203855034e-01
9.999978690847362017e-01
9.999978289365675233e-01
9.999977880635335659e-01
9.999977464530841464e-01
9.999977040924689087e-01
9.999976609687241114e-01
9.999976170686801780e-01
9.999975723789482629e-01
9.999975268859260247e-01
9.999974805757880780e-01
9.999974334344861049e-01
9.999973854477406388e-01
9.999973366010473930e-01
9.999972868796617176e-01
9.999972362686041505e-01
9.999971847526527569e-01
9.999971323163413528e-01
9.999970789439528440e-01
9.999970246195188928e-01
9.999969693268142557e-01
9.999969130493538971e-01
9.999968557703878824e-01
9.999967974729009335e-01
9.999967381396011046e-01
9.999966777529226691e-01
9.999966162950221227e-01
9.999965537477678579e-01
9.999964900927420519e-01
9.999964253112322288e-01
9.999963593842312592e-01
9.999962922924267028e-01
9.999962240162040272e-01
9.999961545356377268e-01
9.999960838304837729e-01
9.999960118801813902e-01
9.999959386638458403e-01
9.999958641602613163e-01
9.999957883478785003e-01
9.999957112048110108e-01
9.999956327088266317e-01
9.999955528373456470e-01
9.999954715674324035e-01
9.999953888757950882e-01
9.999953047387754035e-01
9.999952191323489004e-01
9.999951320321103232e-01
9.999950434132790500e-01
9.999949532506871019e-01
9.999948615187750356e-01
9.999947681915860587e-01
9.999946732427617002e-01
9.999945766455337059e-01
9.999944783727204856e-01
9.999943783967200073e-01
9.999942766895011381e-01
9.999941732226050872e-01
9.999940679671299737e-01
9.999939608937311597e-01
9.999938519726142561e-01
9.999937411735232429e-01
9.999936284657393593e-01
9.999935138180757743e-01
9.999933971988642645e-01
9.999932785759546583e-01
9.999931579167055107e-01
9.999930351879765533e-01
9.999929103561229216e-01
9.999927833869866056e-01
9.999926542458928980e-01
9.999925228976366265e-01
9.999923893064808222e-01
9.999922534361473936e-01
9.999921152498074672e-01
9.999919747100763923e-01
9.999918317790047473e-01
9.999916864180711240e-01
9.999915385881725793e-01
9.999913882496169748e-01
9.999912353621183136e-01
9.999910798847837512e-01
9.999909217761064895e-01
9.999907609939597819e-01
9.999905974955846100e-01
9.999904312375842430e-01
9.999902621759139132e-01
9.999900902658710455e-01
9.999899154620878194e-01
9.999897377185210656e-01
9.999895569884473812e-01
9.999893732244415911e-01
9.999891863783826329e-01
9.999889964014349042e-01
9.999888032440394925e-01
9.999886068559046270e-01
9.999884071860005719e-01
9.999882041825393086e-01
9.999879977929760910e-01
9.999877879639914591e-01
9.999875746414824684e-01
9.999873577705516992e-01
9.999871372954993731e-01
9.999869131598134731e-01
9.999866853061470939e-01
9.999864536763241052e-01
9.999862182113168352e-01
9.999859788512394099e-01
9.999857355353346522e-01
9.999854882019612035e-01
9.999852367885837534e-01
9.999849812317631592e-01
9.999847214671379048e-01
9.999844574294189936e-01
9.999841890523730736e-01
9.999839162688126670e-01
9.999836390105802941e-01
9.999833572085415900e-01
9.999830707925647655e-01
9.999827796915133904e-01
9.999824838332324051e-01
9.999821831445315778e-01
9.999818775511736257e-01
9.999815669778635563e-01
9.999812513482321252e-01
9.999809305848196272e-01
9.999806046090657929e-01
9.999802733412933575e-01
9.999799367006946271e-01
9.999795946053188223e-01
9.999792469720482080e-01
9.999788937165964287e-01
9.999785347534844160e-01
9.999781699960272885e-01
9.999777993563186973e-01
9.999774227452150610e-01
9.999770400723215769e-01
9.999766512459755674e-01
9.999762561732281618e-01
9.999758547598280867e-01
9.999754469102081211e-01
9.999750325274683327e-01
9.999746115133540947e-01
9.999741837682446510e-01
9.999737491911340204e-01
9.999733076796103459e-01
9.999728591298444602e-01
9.999724034365665704e-01
9.999719404930499378e-01
9.999714701910955572e-01
9.999709924210062884e-01
9.999705070715788624e-01
9.999700140300753493e-01
9.999695131822076144e-01
9.999690044121218868e-01
9.999684876023726687e-01
9.999679626339063043e-01
9.999674293860421059e-01
9.999668877364517039e-01
9.999663375611372862e-01
9.999657787344100601e-01
9.999652111288763745e-01
9.999646346154087428e-01
9.999640490631239720e-01
9.999634543393730590e-01
9.999628503097062193e-01
9.999622368378596748e-01
9.999616137857302300e-01
9.999609810133508470e-01
9.999603383788757682e-01
9.999596857385492088e-01
9.999590229466854829e-01
9.999583498556453565e-01
9.999576663158159517e-01
9.999569721755824370e-01
9.999562672813069319e-01
9.999555514773028619e-01
9.999548246058074241e-01
9.999540865069669326e-01
9.999533370187994041e-01
9.999525759771767941e-01
9.999518032157990177e-01
9.999510185661657502e-01
9.999502218575504475e-01
9.999494129169783641e-01
9.999485915691933569e-01
9.999477576366379017e-01
9.999469109394206745e-01
9.999460512952896840e-01
9.999451785196111775e-01
9.999442924253323373e-01
9.999433928229594093e-01
9.999424795205277272e-01
9.999415523235714032e-01
9.999406110350984589e-01
9.999396554555550765e-01
9.999386853828025057e-01
9.999377006120826472e-01
9.999367009359918512e-01
9.999356861444458344e-01
9.999346560246543669e-01
9.999336103610847459e-01
9.999325489354330410e-01
9.999314715265960052e-01
9.999303779106311074e-01
9.999292678607312190e-01
9.999281411471911962e-01
9.999269975373701325e-01
9.999258367956650462e-01
9.999246586834712458e-01
9.999234629591535750e-01
9.999222493780089982e-01
9.999210176922332938e-01
9.999197676508883026e-01
9.999184989998611828e-01
9.999172114818366541e-01
9.999159048362545876e-01
9.999145787992791412e-01
9.999132331037600130e-01
9.999118674791923622e-01
9.999104816516880545e-01
9.999090753439314749e-01
9.999076482751431127e-01
9.999062001610434791e-01
9.999047307138134721e-01
9.999032396420558522e-01
9.999017266507562729e-01
9.999001914412422032e-01
9.998986337111476219e-01
9.998970531543659446e-01
9.998954494610178267e-01
9.998938223174035356e-01
9.998921714059634258e-01
9.998904964052400812e-01
9.998887969898351269e-01
9.998870728303570488e-01
9.998853235933951034e-01
9.998835489414663602e-01
9.998817485329705157e-01
9.998799220221564754e-01
9.998780690590647335e-01
9.998761892894924008e-01
9.998742823549475744e-01
9.998723478925978236e-01
9.998703855352326642e-01
9.998683949112108227e-01
9.998663756444179374e-01
9.998643273542194843e-01
9.998622496554114836e-01
9.998601421581738702e-01
9.998580044680228651e-01
9.998558361857642351e-01
9.998536369074382257e-01
9.998514062242788158e-01
9.998491437226596501e-01
9.998468489840431905e-01
9.998445215849336432e-01
9.998421610968224460e-01
9.998397670861410846e-01
9.998373391142050259e-01
9.998348767371664225e-01
9.998323795059580466e-01
9.998298469662412202e-01
9.998272786583544125e-01
9.998246741172576169e-01
9.998220328724782835e-01
9.998193544480585837e-01
9.998166383624984555e-01
9.998138841287017575e-01
9.998110912539187600e-01
9.998082592396908552e-01
9.998053875817975999e-01
9.998024757701899912e-01
9.997995232889432815e-01
9.997965296161944737e-01
9.997934942240820355e-01
9.997904165786917208e-01
9.997872961399939529e-01
9.997841323617829845e-01
9.997809246916236070e-01
9.997776725707810952e-01
9.997743754341658073e-01
9.997710327102733441e-01
9.997676438211162697e-01
9.997642081821686011e-01
9.997607252022979729e-01
9.997571942837045755e-01
9.997536148218576502e-01
9.997499862054325392e-01
9.997463078162391881e-01
9.997425790291659675e-01
9.997387992121098410e-01
9.997349677259111944e-01
9.997310839242855574e-01
9.997271471537592102e-01
9.997231567536000174e-01
9.997191120557499255e-01
9.997150123847580172e-01
9.997108570577095676e-01
9.997066453841600975e-01
9.997023766660619870e-01
9.996980501976929778e-01
9.996936652655935562e-01
9.996892211484871282e-01
9.996847171172140722e-01
9.996801524346560219e-01
9.996755263556647009e-01
9.996708381269919785e-01
9.996660869872084909e-01
9.996612721666376933e-01
9.996563928872811422e-01
9.996514483627361169e-01
9.996464377981287841e-01
9.996413603900322631e-01
9.996362153263914641e-01
9.996310017864555864e-01
9.996257189406837496e-01
9.996203659506781580e-01
9.996149419691099380e-01
9.996094461396284325e-01
9.996038775967915901e-01
9.995982354659820324e-01
9.995925188633267844e-01
9.995867268956200036e-01
9.995808586602393797e-01
9.995749132450645336e-01
9.995688897283960817e-01
9.995627871788709262e-01
9.995566046553833184e-01
9.995503412069980387e-01
9.995439958728669083e-01
9.995375676821456334e-01
9.995310556539106495e-01
9.995244587970660843e-01
9.995177761102693736e-01
9.995110065818358924e-01
9.995041491896553554e-01
9.994972029011052195e-01
9.994901666729633094e-01
9.994830394513176675e-01
9.994758201714782908e-01
9.994685077578916443e-01
9.994611011240470688e-01
9.994535991723850765e-01
9.994460007942163049e-01
9.994383048696170446e-01
9.994305102673506358e-01
9.994226158447673258e-01
9.994146204477144524e-01
9.994065229104455161e-01
9.993983220555224811e-01
9.993900166937271790e-01
9.993816056239659407e-01
9.993730876331711199e-01
9.993644614962104988e-01
9.993557259757903655e-01
9.993468798223590355e-01
9.993379217740131493e-01
9.993288505563944213e-01
9.993196648826008222e-01
9.993103634530831059e-01
9.993009449555476653e-01
9.992914080648623854e-01
9.992817514429481740e-01
9.992719737386912549e-01
9.992620735878342542e-01
9.992520496128804997e-01
9.992419004229903257e-01
9.992316246138852609e-01
9.992212207677395597e-01
9.992106874530827243e-01
9.992000232246992519e-01
9.991892266235200548e-01
9.991782961765206528e-01
9.991672303966239177e-01
9.991560277825894953e-01
9.991446868189090003e-01
9.991332059757076500e-01
9.991215837086344642e-01
9.991098184587557940e-01
9.990979086524517383e-01
9.990858527013138923e-01
9.990736490020283300e-01
9.990612959362803469e-01
9.990487918706357773e-01
9.990361351564445158e-01
9.990233241297260536e-01
9.990103571110592329e-01
9.989972324054784414e-01
9.989839483023637001e-01
9.989705030753269765e-01
9.989568949821108212e-01
9.989431222644664654e-01
9.989291831480537898e-01
9.989150758423277487e-01
9.989007985404249057e-01
9.988863494190530767e-01
9.988717266383811966e-01
9.988569283419265199e-01
9.988419526564418227e-01
9.988267976918018265e-01
9.988114615408960617e-01
9.987959422795071873e-01
9.987802379662046315e-01
9.987643466422276850e-01
9.987482663313724807e-01
9.987319950398769741e-01
9.987155307563080342e-01
9.986988714514464238e-01
9.986820150781701155e-01
9.986649595713413818e-01
9.986477028476937745e-01
9.986302428057051150e-01
9.986125773255009053e-01
9.985947042687192132e-01
9.985766214784077555e-01
9.985583267788994410e-01
9.985398179757023485e-01
9.985210928553764909e-01
9.985021491854224607e-01
9.984829847141621917e-01
9.984635971706204982e-01
9.984439842644095009e-01
9.984241436856107210e-01
9.984040731046570638e-01
9.983837701722163560e-01
9.983632325190698875e-01
9.983424577560003899e-01
9.983214434736692455e-01
9.983001872424976941e-01
9.982786866125528125e-01
9.982569391134276104e-01
9.982349422541199058e-01
9.982126935229174158e-01
9.981901903872767434e-01
9.981674302937051380e-01
9.981444106676459205e-01
9.981211289133539166e-01
9.980975824137789942e-01
9.980737685304494899e-01
9.980496846033519720e-01
9.980253279508114472e-01
9.980006958693750097e-01
9.979757856336933797e-01
9.979505944963970032e-01
9.979251196879871388e-01
9.978993584167091813e-01
9.978733078684379754e-01
9.978469652065589113e-01
9.978203275718494636e-01
9.977933920823611746e-01
9.977661558333031921e-01
9.977386158969226981e-01
9.977107693223847829e-01
9.976826131356630878e-01
9.976541443394119080e-01
9.976253599128599436e-01
9.975962568116777396e-01
9.975668319678824281e-01
9.975370822897005052e-01
9.975070046614634700e-01
9.974765959434870322e-01
9.974458529719575361e-01
9.974147725588110580e-01
9.973833514916268239e-01
9.973515865335029762e-01
9.973194744229468833e-01
9.972870118737581224e-01
9.972541955749155695e-01
9.972210221904622696e-01
9.971874883593931926e-01
9.971535906955382167e-01
9.971193257874557681e-01
9.970846901983129174e-01
9.970496804657755785e-01
9.970142931019002619e-01
9.969785245930172790e-01
9.969423713996247161e-01
9.969058299562701952e-01
9.968688966714495114e-01
9.968315679274919461e-01
9.967938400804525756e-01
9.967557094599991396e-01
9.967171723693138974e-01
9.966782250849739455e-01
9.966388638568521863e-01
9.965990849080066383e-01
9.965588844345768527e-01
9.965182586056735570e-01
9.964772035632827318e-01
9.964357154221519242e-01
9.963937902696892168e-01
9.963514241658626425e-01
9.963086131430975989e-01
9.962653532061681583e-01
9.962216403321068059e-01
9.961774704700945282e-01
9.961328395413656667e-01
9.960877434391068874e-01
9.960421780283607029e-01
9.959961391459271063e-01
9.959496226002639840e-01
9.959026241713958560e-01
9.958551396108153986e-01
9.958071646413896305e-01
9.957586949572655444e-01
9.957097262237777358e-01
9.956602540773578092e-01
9.956102741254428956e-01
9.955597819463807285e-01
9.955087730893494857e-01
9.954572430742589795e-01
9.954051873916724968e-01
9.953526015027119866e-01
9.952994808389793446e-01
9.952458208024703712e-01
9.951916167654856205e-01
9.951368640705542390e-01
9.950815580303504770e-01
9.950256939276135304e-01
9.949692670150658280e-01
9.949122725153385360e-01
9.948547056208904005e-01
9.947965614939342505e-01
9.947378352663603929e-01
9.946785220396626714e-01
9.946186168848709652e-01
9.945581148424722517e-01
9.944970109223436605e-01
9.944353001036847495e-01
9.943729773349441192e-01
9.943100375337613483e-01
9.942464755868958282e-01
9.941822863501643681e-01
9.941174646483773580e-01
9.940520052752793712e-01
9.939859029934872137e-01
9.939191525344336364e-01
9.938517485983064947e-01
9.937836858539962348e-01
9.937149589390391613e-01
9.936455624595671443e-01
9.935754909902507759e-01
9.935047390742549611e-01
9.934333012231888471e-01
9.933611719170548637e-01
9.932883456042074233e-01
9.932148167013062912e-01
9.931405795932761738e-01
9.930656286332648630e-01
9.929899581426026023e-01
9.929135624107656710e-01
9.928364356953396364e-01
9.927585722219838260e-01
9.926799661844051270e-01
9.926006117443140209e-01
9.925205030314067089e-01
9.924396341433348034e-01
9.923579991456746852e-01
9.922755920719077416e-01
9.921924069233942767e-01
9.921084376693627416e-01
9.920236782468739856e-01
9.919381225608192576e-01
9.918517644838968916e-01
9.917645978566034248e-01
9.916766164872191647e-01
9.915878141517998623e-01
9.914981845941682748e-01
9.914077215259103903e-01
9.913164186263705435e-01
9.912242695426486394e-01
9.911312678896031514e-01
9.910374072498513431e-01
9.909426811737719332e-01
9.908470831795157530e-01
9.907506067530108540e-01
9.906532453479762745e-01
9.905549923859288119e-01
9.904558412562030068e-01
9.903557853159680180e-01
9.902548178902421672e-01
9.901529322719190285e-01
9.900501217217884120e-01
9.899463794685633422e-01
9.898416987089020402e-01
9.897360726074476700e-01
9.896294942968546504e-01
9.895219568778230723e-01
9.894134534191383334e-01
9.893039769577067766e-01
9.891935204986007646e-01
9.890820770151036445e-01
9.889696394487486053e-01
9.888562007093730788e-01
9.887417536751711422e-01
9.886262911927437003e-01
9.885098060771557726e-01
9.883922911119905619e-01
9.882737390494202856e-01
9.881541426102592451e-01
9.880334944840322153e-01
9.879117873290478302e-01
9.877890137724640862e-01
9.876651664103606176e-01
9.875402378078219634e-01
9.874142204990059568e-01
9.872871069872359850e-01
9.871588897450742639e-01
9.870295612144143194e-01
9.868991138065693614e-01
9.867675399023624339e-01
9.866348318522201177e-01
9.865009819762726728e-01
9.863659825644510715e-01
9.862298258765882508e-01
9.860925041425298021e-01
9.859540095622360001e-01
9.858143343058949348e-01
9.856734705140337560e-01
9.855314102976424628e-01
9.853881457382820397e-01
9.852436688882132421e-01
9.850979717705194982e-01
9.849510463792371384e-01
9.848028846794788516e-01
9.846534786075740175e-01
9.845028200712038213e-01
9.843509009495337025e-01
9.841977130933654561e-01
9.840432483252751217e-01
9.838874984397616430e-01
9.837304552034004113e-01
9.835721103549930344e-01
9.834124556057307620e-01
9.832514826393428109e-01
9.830891831122738900e-01
9.829255486538360786e-01
9.827605708663847972e-01
9.825942413254917795e-01
9.824265515801172688e-01
9.822574931527822129e-01
9.820870575397626645e-01
9.819152362112611998e-01
9.817420206116004300e-01
9.815674021594119614e-01
9.813913722478280199e-01
9.812139222446809583e-01
9.810350434926997654e-01
9.808547273097130148e-01
9.806729649888585865e-01
9.804897477987859489e-01
9.803050669838730968e-01
9.801189137644422678e-01
9.799312793369734376e-01
9.797421548743322495e-01
9.795515315259887279e-01
9.793594004182498702e-01
9.791657526544907952e-01
9.789705793153826718e-01
9.787738714591388556e-01
9.785756201217519212e-01
9.783758163172368016e-01
9.781744510378752588e-01
9.779715152544774526e-01
9.777669999166227477e-01
9.775608959529255015e-01
9.773531942712884169e-01
9.771438857591739913e-01
9.769329612838649757e-01
9.767204116927366009e-01
9.765062278135289153e-01
9.762904004546250070e-01
9.760729204053290031e-01
9.758537784361546175e-01
9.756329652990991530e-01
9.754104717279471481e-01
9.751862884385571473e-01
9.749604061291544665e-01
9.747328154806360612e-01
9.745035071568716178e-01
9.742724718050116417e-01
9.740397000557901031e-01
9.738051825238457360e-01
9.735689098080312354e-01
9.733308724917358878e-01
9.730910611432106450e-01
9.728494663158847588e-01
9.726060785487049554e-01
9.723608883664619507e-01
9.721138862801274039e-01
9.718650627871926462e-01
9.716144083720131830e-01
9.713619135061510868e-01
9.711075686487226077e-01
9.708513642467564431e-01
9.705932907355389050e-01
9.703333385389850685e-01
9.700714980699876033e-01
9.698077597307911413e-01
9.695421139133550970e-01
9.692745509997277020e-01
9.690050613624210385e-01
9.687336353647837406e-01
9.684602633613899059e-01
9.681849356984194577e-01
9.679076427140402838e-01
9.676283747388122469e-01
9.673471220960645489e-01
9.670638751023072910e-01
9.667786240676207177e-01
9.664913592960652222e-01
9.662020710860872441e-01
9.659107497309223911e-01
9.656173855190162136e-01
9.653219687344367639e-01
9.650244896572903741e-01
9.647249385641513131e-01
9.644233057284771204e-01
9.641195814210431481e-01
9.638137559103742147e-01
9.635058194631731521e-01
9.631957623447654493e-01
9.628835748195303523e-01
9.625692471513532800e-01
9.622527696040690248e-01
9.619341324419042882e-01
9.616133259299403102e-01
9.612903403345612885e-01
9.609651659239121235e-01
9.606377929683636019e-01
9.603082117409716956e-01
9.599764125179449659e-01
9.596423855791201829e-01
9.593061212084225131e-01
9.589676096943511308e-01
9.586268413304549485e-01
9.582838064158064606e-01
9.579384952554964583e-01
9.575908981611094273e-01
9.572410054512185962e-01
9.568888074518775433e-01
9.565342944971098049e-01
9.561774569294124726e-01
9.558182851002489100e-01
9.554567693705560139e-01
9.550929001112437033e-01
9.547266677037096194e-01
9.543580625403418338e-01
9.539870750250337705e-01
9.536136955737016807e-01
9.532379146147962334e-01
9.528597225898283174e-01
9.524791099538871819e-01
9.520960671761643512e-01
9.517105847404848662e-01
9.513226531458320867e-01
9.509322629068827082e-01
9.505394045545377812e-01
9.501440686364601707e-01
9.497462457176119033e-01
9.493459263807986215e-01
9.489431012272043775e-01
9.485377608769445246e-01
9.481298959696071726e-01
9.477194971648092992e-01
9.473065551427354292e-01
9.468910606047045153e-01
9.464730042737162785e-01
9.460523768950110934e-01
9.456291692366290969e-01
9.452033720899714053e-01
9.447749762703608889e-01
9.443439726176099391e-01
9.439103519965830191e-01
9.434741052977688724e-01
9.430352234378492904e-01
9.425936973602663249e-01
9.421495180358027133e-01
9.417026764631545310e-01
9.412531636695019577e-01
9.408009707110959186e-01
9.403460886738326252e-01
9.398885086738356653e-01
9.394282218580403132e-01
9.389652194047730660e-01
9.384994925243436148e-01
9.380310324596237148e-01
9.375598304866431532e-01
9.370858779151727269e-01
9.366091660893178794e-01
9.361296863881117813e-01
9.356474302261033049e-01
9.351623890539552120e-01
9.346745543590380123e-01
9.341839176660252653e-01
9.336904705374907687e-01
9.331942045745090786e-01
9.326951114172494783e-01
9.321931827455820496e-01
9.316884102796698652e-01
9.311807857805811661e-01
9.306703010508826646e-01
9.301569479352438385e-01
9.296407183210440017e-01
9.291216041389765978e-01
9.285995973636466116e-01
9.280746900141857436e-01
9.275468741548491547e-01
9.270161418956287536e-01
9.264824853928539383e-01
9.259458968498046616e-01
9.254063685173103959e-01
9.248638926943669736e-01
9.243184617287351079e-01
9.237700680175575663e-01
9.232187040079575802e-01
9.226643621976540199e-01
9.221070351355660222e-01
9.215467154224222801e-01
9.209833957113684466e-01
9.204170687085752034e-01
9.198477271738468852e-01
9.192753639212253303e-01
9.186999718196038334e-01
9.181215437933265555e-01
9.175400728228003677e-01
9.169555519450992565e-01
9.163679742545700613e-01
9.157773329034386567e-01
9.151836211024104717e-01
9.145868321212841101e-01
9.139869592895444317e-01
9.133839959969684008e-01
9.127779356942324895e-01
9.121687718935065359e-01
9.115564981690598145e-01
9.109411081578568936e-01
9.103225955601574881e-01
9.097009541401148702e-01
9.090761777263710597e-01
9.084482602126521256e-01
9.078171955583652641e-01
9.071829777891871061e-01
9.065456009976612384e-01
9.059050593437845134e-01
9.052613470555982422e-01
9.046144584297719504e-01
9.039643878321984571e-01
9.033111296985704142e-01
9.026546785349666147e-01
9.019950289184351933e-01
9.013321754975711642e-01
9.006661129930962906e-01
8.999968361984329590e-01
8.993243399802848259e-01
8.986486192792020322e-01
8.979696691101596295e-01
8.972874845631205742e-01
8.966020608036047168e-01
8.959133930732561257e-01
8.952214766904020848e-01
8.945263070506160874e-01
8.938278796272737248e-01
8.931261899721121278e-01
8.924212337157830799e-01
8.917130065683993578e-01
8.910015043200882889e-01
8.902867228415398682e-01
8.895686580845454383e-01
8.888473060825398120e-01
8.881226629511446147e-01
8.873947248886985273e-01
8.866634881767920806e-01
8.859289491808003403e-01
8.851911043504062659e-01
8.844499502201288443e-01
8.837054834098408973e-01
8.829577006252908866e-01
8.822065986586160591e-01
8.814521743888560357e-01
8.806944247824630700e-01
8.799333468938010938e-01
8.791689378656598608e-01
8.784011949297438893e-01
8.776301154071709520e-01
8.768556967089706777e-01
8.760779363365622796e-01
8.752968318822499372e-01
8.745123810297000810e-01
8.737245815544188998e-01
8.729334313242285148e-01
8.721389282997372705e-01
8.713410705348071383e-01
8.705398561770133492e-01
8.697352834681095768e-01
8.689273507444771338e-01
8.681160564375776101e-01
8.673013990744082857e-01
8.664833772779296783e-01
8.656619897675155162e-01
8.648372353593866135e-01
8.640091129670387504e-01
8.631776216016679992e-01
8.623427603725960511e-01
8.615045284876827747e-01
8.606629252537443264e-01
8.598179500769607131e-01
8.589696024632759164e-01
8.581178820187997935e-01
8.572627884502035389e-01
8.564043215651099272e-01
8.555424812724764516e-01
8.546772675829784616e-01
8.538086806093835301e-01
8.529367205669210472e-01
8.520613877736520347e-01
8.511826826508258614e-01
8.503006057232403991e-01
8.494151576195887454e-01
8.485263390728106092e-01
8.476341509204253777e-01
8.467385941048760634e-01
8.458396696738542664e-01
8.449373787806283564e-01
8.440317226843609966e-01
8.431227027504225591e-01
8.422103204507064289e-01
8.412945773639244340e-01
8.403754751759129338e-01
8.394530156799193676e-01
8.385272007768933555e-01
8.375980324757636986e-01
8.366655128937221519e-01
8.357296442564839944e-01
8.347904288985619203e-01
8.338478692635158396e-01
8.329019679042142243e-01
8.319527274830772479e-01
8.310001507723160374e-01
8.300442406541724827e-01
8.290850001211462761e-01
8.281224322762194001e-01
8.271565403330716215e-01
8.261873276162963187e-01
8.252147975615993225e-01
8.242389537160077495e-01
8.232597997380517452e-01
8.222773393979604384e-01
8.212915765778403543e-01
8.203025152718450563e-01
8.193101595863520048e-01
8.183145137401183211e-01
8.173155820644353309e-01
8.163133690032845502e-01
8.153078791134755754e-01
8.142991170647833066e-01
8.132870876400757343e-01
8.122717957354442797e-01
8.112532463603137067e-01
8.102314446375551427e-01
8.092063958035891069e-01
8.081781052084882067e-01
8.071465783160565177e-01
8.061118207039266181e-01
8.050738380636279778e-01
8.040326362006605665e-01
8.029882210345574700e-01
8.019405985989460639e-01
8.008897750415940875e-01
7.998357566244539418e-01
7.987785497237035459e-01
7.977181608297698734e-01
7.966545965473572632e-01
7.955878635954635181e-01
7.945179688073851221e-01
7.934449191307264559e-01
7.923687216273873624e-01
7.912893834735584830e-01
7.902069119597008306e-01
7.891213144905191434e-01
7.880325985849317982e-01
7.869407718760306203e-01
7.858458421110332548e-01
7.847478171512330958e-01
7.836467049719367806e-01
7.825425136623973543e-01
7.814352514257386639e-01
7.803249265788750888e-01
7.792115475524236112e-01
7.780951228906075601e-01
7.769756612511525828e-01
7.758531714051776218e-01
7.747276622370777854e-01
7.735991427444017798e-01
7.724676220377171276e-01
7.713331093404750538e-01
7.701956139888621600e-01
7.690551454316493230e-01
7.679117132300343762e-01
7.667653270574666946e-01
7.656159966994823263e-01
7.644637320535176972e-01
7.633085431287184308e-01
7.621504400457528305e-01
7.609894330365984949e-01
7.598255324443393688e-01
7.586587487229422555e-01
7.574890924370395462e-01
7.563165742616925202e-01
7.551412049821548678e-01
7.539629954936234446e-01
7.527819568009889162e-01
7.515981000185743000e-01
7.504114363698670687e-01
7.492219771872451473e-01
7.480297339116932509e-01
7.468347180925174467e-01
7.456369413870475027e-01
7.444364155603327982e-01
7.432331524848320159e-01
7.420271641401001705e-01
7.408184626124573180e-01
7.396070600946647033e-01
7.383929688855810358e-01
7.371762013898164323e-01
7.359567701173833632e-01
7.347346876833380502e-01
7.335099668074082091e-01
7.322826203136247880e-01
7.310526611299377198e-01
7.298201022878323396e-01
7.285849569219320365e-01
7.273472382695984617e-01
7.261069596705218565e-01
7.248641345663057178e-01
7.236187765000492433e-01
7.223708991159134563e-01
7.211205161586847767e-01
7.198676414733408135e-01
7.186122890045910649e-01
7.173544727964271672e-01
7.160942069916602648e-01
7.148315058314467230e-01
7.135663836548175043e-01
7.122988548981930013e-01
7.110289340948957593e-01
7.097566358746496551e-01
7.084819749630837382e-01
7.072049661812197519e-01
7.059256244449554352e-01
7.046439647645467153e-01
7.033600022440750221e-01
7.020737520809141596e-01
7.007852295651929575e-01
6.994944500792370512e-01
6.982014290970277592e-01
6.969061821836330939e-01
6.956087249946445450e-01
6.943090732756030947e-01
6.930072428614245661e-01
6.917032496758073190e-01
6.903971097306466076e-01
6.890888391254349488e-01
6.877784540466610474e-01
6.864659707671981748e-01
6.851514056456917690e-01
6.838347751259323815e-01
6.825160957362376157e-01
6.811953840888114176e-01
6.798726568791104707e-01
6.785479308851944946e-01
6.772212229670836470e-01
6.758925500660943886e-01
6.745619292041862280e-01
6.732293774832860400e-01
6.718949120846251510e-01
6.705585502680506682e-01
6.692203093713526840e-01
6.678802068095645028e-01
6.665382600742805197e-01
6.651944867329461220e-01
6.638489044281568052e-01
6.625015308769488520e-01
6.611523838700840150e-01
6.598014812713290933e-01
6.584488410167276262e-01
6.570944811138741404e-01
6.557384196411750743e-01
6.543806747471113683e-01
6.530212646494908402e-01
6.516602076346982297e-01
6.502975220569442438e-01
6.489332263374981702e-01
6.475673389639357014e-01
6.461998784893564496e-01
6.448308635316231108e-01
6.434603127725762040e-01
6.420882449572523631e-01
6.407146788931018522e-01
6.393396334491949773e-01
6.379631275554251690e-01
6.365851802017132854e-01
6.352058104372049208e-01
6.338250373694537254e-01
6.324428801636247099e-01
6.310593580416647974e-01
6.296744902814901401e-01
6.282882962161639995e-01
6.269007952330650779e-01
6.255120067730585154e-01
6.241219503296627780e-01
6.227306454482093301e-01
6.213381117250031949e-01
6.199443688064760760e-01
6.185494363883354829e-01
6.171533342147186296e-01
6.157560820773312349e-01
6.143576998145939827e-01
6.129582073107754381e-01
6.115576244951317353e-01
6.101559713410363850e-01
6.087532678651087492e-01
6.073495341263434044e-01
6.059447902252289575e-01
6.045390563028728570e-01
6.031323525401162122e-01
6.017246991566492786e-01
6.003161164101259439e-01
5.989066245952719969e-01
5.974962440429927302e-01
5.960849951194784335e-01
5.946728982253077778e-01
5.932599737945457585e-01
5.918462422938465251e-01
5.904317242215448847e-01
5.890164401067530253e-01
5.876004105084527973e-01
5.861836560145839981e-01
5.847661972411354325e-01
5.833480548312305336e-01
5.819292494542083194e-01
5.805098018047121222e-01
5.790897326017691027e-01
5.776690625878703189e-01
5.762478125280464658e-01
5.748260032089530513e-01
5.734036554379339234e-01
5.719807900421095548e-01
5.705574278674394595e-01
5.691335897778022623e-01
5.677092966540615571e-01
5.662845693931409796e-01
5.648594289070884011e-01
5.634338961221508901e-01
5.620079919778361299e-01
5.605817374259861596e-01
5.591551534298383475e-01
5.577282609630956900e-01
5.563010810089872304e-01
5.548736345593402453e-01
5.534459426136378868e-01
5.520180261780918141e-01
5.505899062646960607e-01
5.491616038903029962e-01
5.477331400756775270e-01
5.463045358445681732e-01
5.448758122227675971e-01
5.434469902371774630e-01
5.420180909148756276e-01
5.405891352821776685e-01
5.391601443637046298e-01
5.377311391814475483e-01
5.363021407538340890e-01
5.348731700947960688e-01
5.334442482128355367e-01
5.320153961100939632e-01
5.305866347814199857e-01
5.291579852134410400e-01
5.277294683836338818e-01
5.263011052593929984e-01
5.248729167971074583e-01
5.234449239412328758e-01
5.220171476233675945e-01
5.205896087613258727e-01
5.191623282582195076e-01
5.177353270015349063e-01
5.163086258622140434e-01
5.148822456937347525e-01
5.134562073311973451e-01
5.120305315904075671e-01
5.106052392669641060e-01
5.091803511353488743e-01
5.077558879480150722e-01
5.063318704344812460e-01
5.049083193004268999e-01
5.034852552267866654e-01
5.020626988688506875e-01
5.006406708553664542e-01
4.992191917876391827e-01
4.977982822386405326e-01
4.963779627521131554e-01
4.949582538416847921e-01
4.935391759899783182e-01
4.921207496477287835e-01
4.907029952328998412e-01
4.892859331298061720e-01
4.878695836882377956e-01
4.864539672225827727e-01
4.850391040109606200e-01
4.836250142943518959e-01
4.822117182757359455e-01
4.807992361192253705e-01
4.793875879492108250e-01
4.779767938495061985e-01
4.765668738624928569e-01
4.751578479882735406e-01
4.737497361838274856e-01
4.723425583621658208e-01
4.709363343914954592e-01
4.695310840943844322e-01
4.681268272469283342e-01
4.667235835779235398e-01
4.653213727680454159e-01
4.639202144490243152e-01
4.625201282028337246e-01
4.611211335608733086e-01
4.597232500031644409e-01
4.583264969575431835e-01
4.569308937988603159e-01
4.555364598481864147e-01
4.541432143720164349e-01
4.527511765814871136e-01
4.513603656315883228e-01
4.499708006203856914e-01
4.485825005882462246e-01
4.471954845170670878e-01
4.458097713295087194e-01
4.444253798882359385e-01
4.430423289951567756e-01
4.416606373906746819e-01
4.402803237529383518e-01
4.389014066970988170e-01
4.375239047745709819e-01
4.361478364723022083e-01
4.347732202120416223e-01
4.334000743496192465e-01
4.320284171742226897e-01
4.306582669076890468e-01
4.292896417037916912e-01
4.279225596475407789e-01
4.265570387544808661e-01
4.251930969700017937e-01
4.238307521686470736e-01
4.224700221534340994e-01
4.211109246551745788e-01
4.197534773318041257e-01
4.183976977677134612e-01
4.170436034730907737e-01
4.156912118832617464e-01
4.143405403580425195e-01
4.129916061810933181e-01
4.116444265592794083e-01
4.102990186220386026e-01
4.089553994207522081e-01
4.076135859281235785e-01
4.062735950375607752e-01
4.049354435625671100e-01
4.035991482361347971e-01
4.022647257101465423e-01
4.009321925547842946e-01
3.996015652579373301e-01
3.982728602246256577e-01
3.969460937764212050e-01
3.956212821508796051e-01
3.942984415009772592e-01
3.929775878945531153e-01
3.916587373137578321e-01
3.903419056545081589e-01
3.890271087259465355e-01
3.877143622499126252e-01
3.864036818604115187e-01
3.850950831030960364e-01
3.837885814347496982e-01
3.824841922227835145e-01
3.811819307447291694e-01
3.798818121877461929e-01
3.785838516481325189e-01
3.772880641308425376e-01
3.759944645490072568e-01
3.747030677234686191e-01
3.734138883823135968e-01
3.721269411604183897e-01
3.708422405989945658e-01
3.695598011451488030e-01
3.682796371514435729e-01
3.670017628754650985e-01
3.657261924793988594e-01
3.644529400296147026e-01
3.631820194962482873e-01
3.619134447528042919e-01
3.606472295757518487e-01
3.593833876441349662e-01
3.581219325391882258e-01
3.568628777439556976e-01
3.556062366429215138e-01
3.543520225216437169e-01
3.531002485663943258e-01
3.518509278638095594e-01
3.506040734005419490e-01
3.493596980629251059e-01
3.481178146366379900e-01
3.468784358063825568e-01
3.456415741555647347e-01
3.444072421659809535e-01
3.431754522175149980e-01
3.419462165878389137e-01
3.407195474521209633e-01
3.394954568827420194e-01
3.382739568490156223e-01
3.370550592169182513e-01
3.358387757488237590e-01
3.346251181032455224e-01
3.334140978345859763e-01
3.322057263928904769e-01
3.310000151236119348e-01
3.297969752673776123e-01
3.285966179597672454e-01
3.273989542310929979e-01
3.262039950061910720e-01
3.250117511042167062e-01
3.238222332384457225e-01
3.226354520160865658e-01
3.214514179380937309e-01
3.202701413989937906e-01
3.190916326867113129e-01
3.179159019824086552e-01
3.167429593603264260e-01
3.155728147876334377e-01
3.144054781242854868e-01
3.132409591228856316e-01
3.120792674285550738e-01
3.109204125788090911e-01
3.097644040034402413e-01
3.086112510244076179e-01
3.074609628557339325e-01
3.063135486034074817e-01
3.051690172652913868e-01
3.040273777310409375e-01
3.028886387820241000e-01
3.017528090912516836e-01
3.006198972233140587e-01
2.994899116343210932e-01
2.983628606718515819e-01
2.972387525749099479e-01
2.961175954738848870e-01
2.949993973905198352e-01
2.938841662378866015e-01
2.927719098203656611e-01
2.916626358336342206e-01
2.905563518646599452e-01
2.894530653916995155e-01
2.883527837843062880e-01
2.872555143033438951e-01
2.861612641010014002e-01
2.850700402208231621e-01
2.839818495977369794e-01
2.828966990580923935e-01
2.818145953197053744e-01
2.807355449919083923e-01
2.796595545756048740e-01
2.785866304633329849e-01
2.775167789393341300e-01
2.764500061796263952e-01
2.753863182520863151e-01
2.743257211165337495e-01
2.732682206248246981e-01
2.722138225209520535e-01
2.711625324411480742e-01
2.701143559139940198e-01
2.690692983605375566e-01
2.680273650944149377e-01
2.669885613219780685e-01
2.659528921424286763e-01
2.649203625479579771e-01
2.638909774238908934e-01
2.628647415488377104e-01
2.618416595948510617e-01
2.608217361275862456e-01
2.598049756064710336e-01
2.587913823848773109e-01
2.577809607103013767e-01
2.567737147245473528e-01
2.557696484639176981e-01
2.547687658594066096e-01
2.537710707369047469e-01
2.527765668174005720e-01
2.517852577171942885e-01
2.507971469481140581e-01
2.498122379177386831e-01
2.488305339296230934e-01
2.478520381835316311e-01
2.468767537756756669e-01
2.459046836989561835e-01
2.449358308432105780e-01
2.439701979954666256e-01
2.430077878401996072e-01
2.420486029595939614e-01
2.410926458338132905e-01
2.401399188412708385e-01
2.391904242589066032e-01
2.382441642624712197e-01
2.373011409268116212e-01
2.363613562261629164e-01
2.354248120344442918e-01
2.344915101255609369e-01
2.335614521737086058e-01
2.326346397536842581e-01
2.317110743412009177e-01
2.307907573132057522e-01
2.298736899482052565e-01
2.289598734265915758e-01
2.280493088309761274e-01
2.271419971465253873e-01
2.262379392613022011e-01
2.253371359666108686e-01
2.244395879573462815e-01
2.235452958323479178e-01
2.226542600947568340e-01
2.217664811523775703e-01
2.208819593180434970e-01
2.200006948099875181e-01
2.191226877522137462e-01
2.182479381748769209e-01
2.173764460146619948e-01
2.165082111151709621e-01
2.156432332273093277e-01
2.147815120096813468e-01
2.139230470289845421e-01
2.130678377604091345e-01
2.122158835880427197e-01
2.113671838052768592e-01
2.105217376152166142e-01
2.096795441310954078e-01
2.088406023766921360e-01
2.080049112867505545e-01
2.071724697074046606e-01
2.063432763966054351e-01
2.055173300245506651e-01
2.046946291741184587e-01
2.038751723413050609e-01
2.030589579356630869e-01
2.022459842807448893e-01
2.014362496145486736e-01
2.006297520899663900e-01
1.998264897752357050e-01
1.990264606543948045e-01
1.982296626277390006e-01
1.974360935122798366e-01
1.966457510422102706e-01
1.958586328693679712e-01
1.950747365637027775e-01
1.942940596137499309e-01
1.935165994270995615e-01
1.927423533308757209e-01
1.919713185722115856e-01
1.912034923187308499e-01
1.904388716590303399e-01
1.896774536031659852e-01
1.889192350831375988e-01
1.881642129533807883e-01
1.874123839912568701e-01
1.866637448975475011e-01
1.859182922969501994e-01
1.851760227385754187e-01
1.844369326964469535e-01
1.837010185700041487e-01
1.829682766846039421e-01
1.822387032920277095e-01
1.815122945709876645e-01
1.807890466276356467e-01
1.800689554960744065e-01
1.793520171388691131e-01
1.786382274475617205e-01
1.779275822431866105e-01
1.772200772767872079e-01
1.765157082299339819e-01
1.758144707152453634e-01
1.751163602769082450e-01
1.744213723912004799e-01
1.737295024670157118e-01
1.730407458463874282e-01
1.723550978050161220e-01
1.716725535527959812e-01
1.709931082343446873e-01
1.703167569295319927e-01
1.696434946540111843e-01
1.689733163597505472e-01
1.683062169355657445e-01
1.676421912076550280e-01
1.669812339401305912e-01
1.663233398355572490e-01
1.656685035354860114e-01
1.650167196209925691e-01
1.643679826132127819e-01
1.637222869738827469e-01
1.630796271058772839e-01
1.624399973537475339e-01
1.618033920042621920e-01
1.611698052869482978e-01
1.605392313746300259e-01
1.599116643839717800e-01
1.592870983760182879e-01
1.586655273567370850e-01
1.580469452775609129e-01
1.574313460359285377e-01
1.568187234758290916e-01
1.562090713883436122e-01
1.556023835121882193e-01
1.549986535342560701e-01
1.543978750901623953e-01
1.538000417647848728e-01
1.532051470928072756e-01
1.526131845592635095e-01
1.520241476000789571e-01
1.514380296026127948e-01
1.508548239062009466e-01
1.502745238026983732e-01
1.496971225370196945e-01
1.491226133076817839e-01
1.485509892673444465e-01
1.479822435233510980e-01
1.474163691382693042e-01
1.468533591304304331e-01
1.462932064744693617e-01
1.457359041018631285e-01
1.451814449014690589e-01
1.446298217200628067e-01
1.440810273628750082e-01
1.435350545941286582e-01
1.429918961375734321e-01
1.424515446770216187e-01
1.419139928568821096e-01
1.413792332826935561e-01
1.408472585216571094e-01
1.403180611031684677e-01
1.397916335193480353e-01
1.392679682255709706e-01
1.387470576409965961e-01
1.382288941490953105e-01
1.377134700981766380e-01
1.372007778019138369e-01
1.366908095398694234e-01
1.361835575580184199e-01
1.356790140692707702e-01
1.351771712539930892e-01
1.346780212605278859e-01
1.341815562057124545e-01
1.336877681753972646e-01
1.331966492249612444e-01
1.327081913798267843e-01
1.322223866359735767e-01
1.317392269604506227e-01
1.312587042918867686e-01
1.307808105409997146e-01
1.303055375911048863e-01
1.298328772986203361e-01
1.293628214935722553e-01
1.288953619800980166e-01
1.284304905369479666e-01
1.279681989179851931e-01
1.275084788526839596e-01
1.270513220466265303e-01
1.265967201819978849e-01
1.261446649180797963e-01
1.256951478917415765e-01
1.252481607179302125e-01
1.248036949901590864e-01
1.243617422809929207e-01
1.239222941425338620e-01
1.234853421069022350e-01
1.230508776867190873e-01
1.226188923755837101e-01
1.221893776485510758e-01
1.217623249626068327e-01
1.213377257571399553e-01
1.209155714544146859e-01
1.204958534600383824e-01
1.200785631634290751e-01
1.196636919382811221e-01
1.192512311430266314e-01
1.188411721212980637e-01
1.184335062023851720e-01
1.180282247016929548e-01
1.176253189211959038e-01
1.172247801498898095e-01
1.168265996642418869e-01
1.164307687286399301e-01
1.160372785958366793e-01
1.156461205073936738e-01
1.152572856941232043e-01
1.148707653765265596e-01
1.144865507652313430e-01
1.141046330614256810e-01
1.137250034572899332e-01
1.133476531364277506e-01
1.129725732742922206e-01
1.125997550386117069e-01
1.122291895898126085e-01
1.118608680814396905e-01
1.114947816605741243e-01
1.111309214682487667e-01
1.107692786398618012e-01
1.104098443055876733e-01
1.100526095907841811e-01
1.096975656163999419e-01
1.093447034993763889e-01
1.089940143530498950e-01
1.086454892875487188e-01
1.082991194101905891e-01
1.079548958258745722e-01
1.076128096374729809e-01
1.072728519462189667e-01
1.069350138520928500e-01
1.065992864542050778e-01
1.062656608511768352e-01
1.059341281415181191e-01
1.056046794240036307e-01
1.052773057980449234e-01
1.049519983640617854e-01
1.046287482238487249e-01
1.043075464809409547e-01
1.039883842409767001e-01
1.036712526120565359e-01
1.033561427051011006e-01
1.030430456342056461e-01
1.027319525169916870e-01
1.024228544749564568e-01
1.021157426338191732e-01
1.018106081238653177e-01
1.015074420802882654e-01
1.012062356435264043e-01
1.009069799596009481e-01
1.006096661804475462e-01
1.003142854642478377e-01
1.000208289757568841e-01
9.972928788662806243e-02
9.943965337573584806e-02
9.915191662949560114e-02
9.886606884218028524e-02
9.858210121623492417e-02
9.830000496258815834e-02
9.801977130096127533e-02
9.774139146017407631e-02
9.746485667844867473e-02
9.719015820370970060e-02
9.691728729388310315e-02
9.664623521719079013e-02
9.637699325244343529e-02
9.610955268933001061e-02
9.584390482870540351e-02
9.558004098287464778e-02
9.531795247587428188e-02
9.505763064375169491e-02
9.479906683484118357e-02
9.454225241003735847e-02
9.428717874306613567e-02
9.403383722075266127e-02
9.378221924328705716e-02
9.353231622448607285e-02
9.328411959205422377e-02
9.303762078784016953e-02
9.279281126809159341e-02
9.254968250370687599e-02
9.230822598048424310e-02
9.206843319936813819e-02
9.183029567669301341e-02
9.159380494442406762e-02
9.135895255039588880e-02
9.112573005854796016e-02
9.089412904915772362e-02
9.066414111907059037e-02
9.043575788192756426e-02
9.020897096839071427e-02
8.998377202636484440e-02
8.976015272121735944e-02
8.953810473599510544e-02
8.931761977163864274e-02
8.909868954719450673e-02
8.888130580002337466e-02
8.866546028600695573e-02
8.845114477975191125e-02
8.823835107479062467e-02
8.802707098377965389e-02
8.781729633869660157e-02
8.760901899103237800e-02
8.740223081198256194e-02
8.719692369263523646e-02
8.699308954415707618e-02
8.679072029797592347e-02
8.658980790596119970e-02
8.639034434060244294e-02
8.619232159518380731e-02
8.599573168395768796e-02
8.580056664231441865e-02
8.560681852695045668e-02
8.541447941603350080e-02
8.522354140936497235e-02
8.503399662854116414e-02
8.484583721710940718e-02
8.465905534072527827e-02
8.447364318730399280e-02
8.428959296717154770e-02
8.410689691321210359e-02
8.392554728101413175e-02
8.374553634901257815e-02
8.356685641863043079e-02
8.338949981441629022e-02
8.321345888418026082e-02
8.303872599912777430e-02
8.286529355399029073e-02
8.269315396715380684e-02
8.252229968078560185e-02
8.235272316095816614e-02
8.218441689777020165e-02
8.201737340546697008e-02
8.185158522255611691e-02
8.168704491192324557e-02
8.152374506094421658e-02
8.136167828159446280e-02
8.120083721055769421e-02
8.104121450933110538e-02
8.088280286432886212e-02
8.072559498698270164e-02
8.056958361384150558e-02
8.041476150666733436e-02
8.026112145253039287e-02
8.010865626390072103e-02
7.995735877873859365e-02
7.980722186058264445e-02
7.965823839863514499e-02
7.951040130784584048e-02
7.936370352899348168e-02
7.921813802876535859e-02
7.907369779983396130e-02
7.893037586093283597e-02
7.878816525692927675e-02
7.864705905889571302e-02
7.850705036417800209e-02
7.836813229646331924e-02
7.823029800584431481e-02
7.809354066888198054e-02
7.795785348866750286e-02
7.782322969487991127e-02
7.768966254384383763e-02
7.755714531858412530e-02
7.742567132887893944e-02
7.729523391131096210e-02
7.716582642931625602e-02
7.703744227323217064e-02
7.691007486034161234e-02
7.678371763491750879e-02
7.665836406826408156e-02
7.653400765875630063e-02
7.641064193187825648e-02
7.628826044025892317e-02
7.616685676370675562e-02
7.604642450924134489e-02
7.592695731112536484e-02
7.580844883089228603e-02
7.569089275737422851e-02
7.557428280672706666e-02
7.545861272245413254e-02
7.534387627542828147e-02
7.523006726391198717e-02
7.511717951357566037e-02
7.500520687751534299e-02
7.489414323626676639e-02
7.478398249781993690e-02
7.467471859763015474e-02
7.456634549862933836e-02
7.445885719123362945e-02
7.435224769335128936e-02
7.424651105038782006e-02
7.414164133525004419e-02
7.403763264834833935e-02
7.393447911759790103e-02
7.383217489841752135e-02
7.373071417372774328e-02
7.363009115394721082e-02
7.353030007698739545e-02
7.343133520824579596e-02
7.333319084059843063e-02
7.323586129438956760e-02
7.313934091742126109e-02
7.304362408494086134e-02
7.294870519962731725e-02
7.285457869157578592e-02
7.276123901828140950e-02
7.266868066462116305e-02
7.257689814283480034e-02
7.248588599250420372e-02
7.239563878053169310e-02
7.230615110111644761e-02
7.221741757573052478e-02
7.212943285309274255e-02
7.204219160914185349e-02
7.195568854700812311e-02
7.186991839698411710e-02
7.178487591649376776e-02
7.170055589006038566e-02
7.161695312927386647e-02
7.153406247275601038e-02
7.145187878612538346e-02
7.137039696196040284e-02
7.128961191976188050e-02
7.120951860591374916e-02
7.113011199364369097e-02
7.105138708298128214e-02
7.097333890071630402e-02
7.089596250035540281e-02
7.081925296207754184e-02
7.074320539268916241e-02
7.066781492557686062e-02
7.059307672066103545e-02
7.051898596434665045e-02
7.044553786947400920e-02
7.037272767526882300e-02
7.030055064729005820e-02
7.022900207737806100e-02
7.015807728360129447e-02
7.008777161020186830e-02
7.001808042754063821e-02
6.994899913204101483e-02
6.988052314613209248e-02
6.981264791819102866e-02
6.974536892248384135e-02
6.967868165910659495e-02
6.961258165392435193e-02
6.954706445851023544e-02
6.948212565008357600e-02
6.941776083144696186e-02
6.935396563092237343e-02
6.929073570228702628e-02
6.922806672470817324e-02
6.916595440267710171e-02
6.910439446594235369e-02
6.904338266944275160e-02
6.898291479323857833e-02
6.892298664244314588e-02
6.886359404715337862e-02
6.880473286237918928e-02
6.874639896797285488e-02
6.868858826855722688e-02
6.863129669345391370e-02
6.857452019660977005e-02
6.851825475652396913e-02
6.846249637617363160e-02
6.840724108293920469e-02
6.835248492852902258e-02
6.829822398890342261e-02
6.824445436419847300e-02
6.819117217864879843e-02
6.813837358050971182e-02
6.808605474197973462e-02
6.803421185912131297e-02
6.798284115178189480e-02
6.793193886351443778e-02
6.788150126149675168e-02
6.783152463645131247e-02
6.778200530256384138e-02
6.773293959740168957e-02
6.768432388183211190e-02
6.763615453993906956e-02
6.758842797894078214e-02
6.754114062910659966e-02
6.749428894367257015e-02
6.744786939875745124e-02
6.740187849327849978e-02
6.735631274886585973e-02
6.731116870977789379e-02
6.726644294281475256e-02
6.722213203723299835e-02
6.717823260465863311e-02
6.713474127900058430e-02
6.709165471636344136e-02
6.704896959496042808e-02
6.700668261502536194e-02
6.696479049872453015e-02
6.692328999006870449e-02
6.688217785482433730e-02
6.684145088042478533e-02
6.680110587588118654e-02
6.676113967169290675e-02
6.672154911975806957e-02
6.668233109328387809e-02
6.664348248669590968e-02
6.660500021554836836e-02
6.656688121643354605e-02
6.652912244689052068e-02
6.649172088531479785e-02
6.645467353086705053e-02
6.641797740338152567e-02
6.638162954327503362e-02
6.634562701145503560e-02
6.630996688922791149e-02
6.627464627820689458e-02
6.623966230022025614e-02
6.620501209721879610e-02
6.617069283118398593e-02
6.613670168403483485e-02
6.610303585753604660e-02
6.606969257320480238e-02
6.603666907221830695e-02
6.600396261532104347e-02
6.597157048273127877e-02
6.593948997404880386e-02
6.590771840816166127e-02
6.587625312315259496e-02
6.584509147620642988e-02
6.581423084351675779e-02
6.578366862019223438e-02
6.575340222016391734e-02
6.572342907609179941e-02
6.569374663927113334e-02
6.566435237953967274e-02
6.563524378518362234e-02
6.560641836284519801e-02
6.557787363742842435e-02
6.554960715200634780e-02
6.552161646772787507e-02
6.549389916372383436e-02
6.546645283701456319e-02
6.543927510241601131e-02
6.541236359244737009e-02
6.538571595723688401e-02
6.535932986442996584e-02
6.533320299909549378e-02
6.530733306363323276e-02
6.528171777768070061e-02
6.525635487802092238e-02
6.523124211848897736e-02
6.520637726988033622e-02
6.518175811985753298e-02
6.515738247285840501e-02
6.513324815000344492e-02
6.510935298900376311e-02
6.508569484406888372e-02
6.506227158581524839e-02
6.503908110117370689e-02
6.501612129329849277e-02
6.499339008147511643e-02
6.497088540102967380e-02
6.494860520323658681e-02
6.492654745522861981e-02
6.490471013990471716e-02
6.488309125584047765e-02
6.486168881719626966e-02
6.484050085362773330e-02
6.481952541019495029e-02
6.479876054727233547e-02
6.477820434045891695e-02
6.475785488048833860e-02
6.473771027313951487e-02
6.471776863914688316e-02
6.469802811411166921e-02
6.467848684841244478e-02
6.465914300711653184e-02
6.463999476989143456e-02
6.462104033091639610e-02
6.460227789879435800e-02
6.458370569646373904e-02
6.456532196111089417e-02
6.454712494408271217e-02
6.452911291079901912e-02
6.451128414066581440e-02
6.449363692698829864e-02
6.447616957688433181e-02
6.445888041119814116e-02
6.444176776441404297e-02
6.442482998457092769e-02
6.440806543317613431e-02
6.439147248512075428e-02
6.437504952859408880e-02
6.435879496499861963e-02
6.434270720886610395e-02
6.432678468777269787e-02
6.431102584225499574e-02
6.429542912572651370e-02
6.427999300439375674e-02
6.426471595717338225e-02
6.424959647560901654e-02
6.423463306378844606e-02
6.421982423826158581e-02
6.420516852795800367e-02
6.419066447410524956e-02
6.417631063014726800e-02
6.416210556166311585e-02
6.414804784628592993e-02
6.413413607362247748e-02
6.412036884517244295e-02
6.410674477424858908e-02
6.409326248589676533e-02
6.407992061681673512e-02
6.406671781528262832e-02
6.405365274106418483e-02
6.404072406534830342e-02
6.402793047066067389e-02
6.401527065078770062e-02
6.400274331069905065e-02
6.399034716647035437e-02
6.397808094520578137e-02
6.396594338496196241e-02
6.395393323467091218e-02
6.394204925406453410e-02
6.393029021359834807e-02
6.391865489437677239e-02
6.390714208807717067e-02
6.389575059687552239e-02
6.388447923337216283e-02
6.387332682051710675e-02
6.386229219153669034e-02
6.385137418985971369e-02
6.384057166904465175e-02
6.382988349270646289e-02
6.381930853444457707e-02
6.380884567777007910e-02
6.379849381603444614e-02
6.378825185235771633e-02
6.377811869955743451e-02
6.376809328007800037e-02
6.375817452591962808e-02
6.374836137856870755e-02
6.373865278892794362e-02
6.372904771724648143e-02
6.371954513305110035e-02
6.371014401507717195e-02
6.370084335120053398e-02
6.369164213836894795e-02
6.368253938253441715e-02
6.367353409858590718e-02
6.366462531028192762e-02
6.365581205018418232e-02
6.364709335959067849e-02
6.363846828846971004e-02
6.362993589539436834e-02
6.362149524747692797e-02
6.361314542030380159e-02
6.360488549787086943e-02
6.359671457251876714e-02
6.358863174486949210e-02
6.358063612376185780e-02
6.357272682618897441e-02
6.356490297723448035e-02
6.355716371001042531e-02
6.354950816559458426e-02
6.354193549296856258e-02
6.353444484895623412e-02
6.352703539816216549e-02
6.351970631291090075e-02
6.351245677318634320e-02
6.350528596657113722e-02
6.349819308818699382e-02
6.349117734063523810e-02
6.348423793393691283e-02
6.347737408547458882e-02
6.347058501993321777e-02
6.346386996924199830e-02
6.345722817251694958e-02
6.345065887600252752e-02
6.344416133301483685e-02
6.343773480388489872e-02
6.343137855590147423e-02
6.342509186325563653e-02
6.341887400698421884e-02
6.341272427491452535e-02
6.340664196160913924e-02
6.340062636831080012e-02
6.339467680288829454e-02
6.338879257978163873e-02
6.338297301994884336e-02
6.337721745081163760e-02
6.337152520620296936e-02
6.336589562631358974e-02
6.336032805763959497e-02
6.335482185293042634e-02
6.334937637113659259e-02
6.334399097735841921e-02
6.333866504279452025e-02
6.333339794469107498e-02
6.332818906629128497e-02
6.332303779678456757e-02
6.331794353125734520e-02
6.331290567064294661e-02
6.330792362167231291e-02
6.330299679682509228e-02
6.329812461428120651e-02
6.329330649787183460e-02
6.328854187703228384e-02
6.328383018675341753e-02
6.327917086753476195e-02
6.327456336533733572e-02
6.327000713153672906e-02
6.326550162287693235e-02
6.326104630142373453e-02
6.325664063451934271e-02
6.325228409473679370e-02
6.324797615983436538e-02
6.324371631271111238e-02
6.323950404136192971e-02
6.323533883883362960e-02
6.323122020318061587e-02
6.322714763742129374e-02
6.322312064949492383e-02
6.321913875221818468e-02
6.321520146324256795e-02
6.321130830501212050e-02
6.320745880472053435e-02
6.320365249427040144e-02
6.319988891023049782e-02
6.319616759379535764e-02
6.319248809074370921e-02
6.318884995139800731e-02
6.318525273058400726e-02
6.318169598759081074e-02
6.317817928613060630e-02
6.317470219429945077e-02
6.317126428453799514e-02
6.316786513359241850e-02
6.316450432247580626e-02
6.316118143642973637e-02
6.315789606488603214e-02
6.315464780142920898e-02
6.315143624375849085e-02
6.314826099365110357e-02
6.314512165692459655e-02
6.314201784340071899e-02
6.313894916686851877e-02
6.313591524504845454e-02
6.313291569955617466e-02
6.312995015586732317e-02
6.312701824328180444e-02
6.312411959488867241e-02
6.312125384753168589e-02
6.311842064177417000e-02
6.311561962186507113e-02
6.311285043570491471e-02
6.311011273481202666e-02
6.310740617428865773e-02
6.310473041278825967e-02
6.310208511248208141e-02
6.309946993902657009e-02
6.309688456153084157e-02
6.309432865252447009e-02
6.309180188792555544e-02
6.308930394700869304e-02
6.308683451237399875e-02
6.308439326991525931e-02
6.308197990878958161e-02
6.307959412138595956e-02
6.307723560329538126e-02
6.307490405328025629e-02
6.307259917324438414e-02
6.307032066820333904e-02
6.306806824625472985e-02
6.306584161854913995e-02
6.306364049926074800e-02
6.306146460555883682e-02
6.305931365757898310e-02
6.305718737839464960e-02
6.305508549398931850e-02
6.305300773322831953e-02
6.305095382783119928e-02
6.304892351234445136e-02
6.304691652411407998e-02
6.304493260325867710e-02
6.304297149264276312e-02
6.304103293784983630e-02
6.303911668715676819e-02
6.303722249150696400e-02
6.303535010448477194e-02
6.303349928228982324e-02
6.303166978371145535e-02
6.302986137010367640e-02
6.302807380535996318e-02
6.302630685588830883e-02
6.302456029058675635e-02
6.302283388081915405e-02
6.302112740039056415e-02
6.301944062552360115e-02
6.301777333483454813e-02
6.301612530930948697e-02
6.301449633228155267e-02
6.301288618940699415e-02
6.301129466864272000e-02
6.300972156022328907e-02
6.300816665663827587e-02
6.300662975261012155e-02
6.300511064507166581e-02
6.300360913314421996e-02
6.300212501811577881e-02
6.300065810341937134e-02
6.299920819461166110e-02
6.299777509935161612e-02
6.299635862737948400e-02
6.299495859049589197e-02
6.299357480254115516e-02
6.299220707937498720e-02
6.299085523885558646e-02
6.298951910082022099e-02
6.298819848706452285e-02
6.298689322132340618e-02
6.298560312925094440e-02
6.298432803840089966e-02
6.298306777820805724e-02
6.298182217996832477e-02
6.298059107682037194e-02
6.297937430372652079e-02
6.297817169745452415e-02
6.297698309655898330e-02
6.297580834136275174e-02
6.297464727393956019e-02
6.297349973809530932e-02
6.297236557935101398e-02
6.297124464492472040e-02
6.297013678371429779e-02
6.296904184628004941e-02
6.296795968482772621e-02
6.296689015319140159e-02
6.296583310681672097e-02
6.296478840274458144e-02
6.296375589959392338e-02
6.296273545754599299e-02
6.296172693832800815e-02
6.296073020519704633e-02
6.295974512292402958e-02
6.295877155777826473e-02
6.295780937751167816e-02
6.295685845134336989e-02
6.295591864994433406e-02
6.295498984542223508e-02
6.295407191130644731e-02
6.295316472253319195e-02
6.295226815543089605e-02
6.295138208770514887e-02
6.295050639842483808e-02
6.294964096800741149e-02
6.294878567820483273e-02
6.294794041208956470e-02
6.294710505404046974e-02
6.294627948972938980e-02
6.294546360610685232e-02
6.294465729138926102e-02
6.294386043504521244e-02
6.294307292778184015e-02
6.294229466153235253e-02
6.294152552944269619e-02
6.294076542585835821e-02
6.294001424631225083e-02
6.293927188751156920e-02
6.293853824732535684e-02
6.293781322477236262e-02
6.293709672000856459e-02
6.293638863431481878e-02
6.293568887008539614e-02
6.293499733081540926e-02
6.293431392108941869e-02
6.293363854656955358e-02
6.293297111398415966e-02
6.293231153111616960e-02
6.293165970679165389e-02
6.293101555086881571e-02
6.293037897422679161e-02
6.292974988875459086e-02
6.292912820733997936e-02
6.292851384385930724e-02
6.292790671316619844e-02
6.292730673108117012e-02
6.292671381438127987e-02
6.292612788078957853e-02
6.292554884896484069e-02
6.292497663849166978e-02
6.292441116986996485e-02
6.292385236450545594e-02
6.292330014469940669e-02
6.292275443363920528e-02
6.292221515538828913e-02
6.292168223487709655e-02
6.292115559789311641e-02
6.292063517107175652e-02
6.292012088188704555e-02
6.291961265864237651e-02
6.291911043046137519e-02
6.291861412727904612e-02
6.291812367983276588e-02
6.291763901965338746e-02
6.291716007905669150e-02
6.291668679113462948e-02
6.291621908974670552e-02
6.291575690951167754e-02
6.291530018579900851e-02
6.291484885472056754e-02
6.291440285312284442e-02
6.291396211857820664e-02
6.291352658937704456e-02
6.291309620452022189e-02
6.291267090371081838e-02
6.291225062734608076e-02
6.291183531651046990e-02
6.291142491296716766e-02
6.291101935915144328e-02
6.291061859816228508e-02
6.291022257375546156e-02
6.290983123033645763e-02
6.290944451295243933e-02
6.290906236728587009e-02
6.290868473964700280e-02
6.290831157696707976e-02
6.290794282679110228e-02
6.290757843727121101e-02
6.290721835715984422e-02
6.290686253580295151e-02
6.290651092313322146e-02
6.290616346966396155e-02
6.290582012648182619e-02
6.290548084524098804e-02
6.290514557815662933e-02
6.290481427799837766e-02
6.290448689808438021e-02
6.290416339227498932e-02
6.290384371496637872e-02
6.290352782108515894e-02
6.290321566608159110e-02
6.290290720592434104e-02
6.290260239709417889e-02
6.290230119657846952e-02
6.290200356186513575e-02
6.290170945093735699e-02
6.290141882226765735e-02
6.290113163481245162e-02
6.290084784800659135e-02
6.290056742175798021e-02
6.290029031644196744e-02
6.290001649289635177e-02
6.289974591241580260e-02
6.289947853674694722e-02
6.289921432808298629e-02
6.289895324905876717e-02
6.289869526274576017e-02
6.289844033264678502e-02
6.289818842269162547e-02
6.289793949723156141e-02
6.289769352103503908e-02
6.289745045928246681e-02
6.289721027756192684e-02
6.289697294186426257e-02
6.289673841857841563e-02
6.289650667448702659e-02
6.289627767676188308e-02
6.289605139295929848e-02
6.289582779101619836e-02
6.289560683924481921e-02
6.289538850632932221e-02
6.289517276132113033e-02
6.289495957363461232e-02
6.289474891304309978e-02
6.289454074967469610e-02
6.289433505400811308e-02
6.289413179686866029e-02
6.289393094942451190e-02
6.289373248318197440e-02
6.289353636998278041e-02
6.289334258199916206e-02
6.289315109173058971e-02
6.289296187199985844e-02
6.289277489594909121e-02
6.289259013703651924e-02
6.289240756903247132e-02
6.289222716601598762e-02
6.289204890237110046e-02
6.289187275278325384e-02
6.289169869223595888e-02
6.289152669600717172e-02
6.289135673966612938e-02
6.289118879906969994e-02
6.289102285035920448e-02
6.289085886995704477e-02
6.289069683456344206e-02
6.289053672115323124e-02
6.289037850697271059e-02
6.289022216953636668e-02
6.289006768662376567e-02
6.288991503627668067e-02
6.288976419679566388e-02
6.288961514673752085e-02
6.288946786491178553e-02
6.288932233037812514e-02
6.288917852244334250e-02
6.288903642065847566e-02
6.288889600481592512e-02
6.288875725494673385e-02
6.288862015131767291e-02
6.288848467442843815e-02
6.288835080500920771e-02
6.288821852401767221e-02
6.288808781263649506e-02
6.288795865227070347e-02
6.288783102454478802e-02
6.288770491130070417e-02
6.288758029459495802e-02
6.288745715669580294e-02
6.288733548008156038e-02
6.288721524743733082e-02
6.288709644165317580e-02
6.288697904582117582e-02
6.288686304323364007e-02
6.288674841738028931e-02
6.288663515194618803e-02
6.288652323080938522e-02
6.288641263803851356e-02
6.288630335789088810e-02
6.288619537480970301e-02
6.288608867342275477e-02
6.288598323853925032e-02
6.288587905514844700e-02
6.288577610841715460e-02
6.288567438368761198e-02
6.288557386647568304e-02
6.288547454246874724e-02
6.288537639752342367e-02
6.288527941766385021e-02
6.288518358907957406e-02
6.288508889812377545e-02
6.288499533131107488e-02
6.288490287531572909e-02
6.288481151697000726e-02
6.288472124326181800e-02
6.288463204133333539e-02
6.288454389847908388e-02
6.288445680214380107e-02
6.288437073992111936e-02
6.288428569955155367e-02
6.288420166892090546e-02
6.288411863605825047e-02
6.288403658913459260e-02
6.288395551646125403e-02
6.288387540648759932e-02
6.288379624780007782e-02
6.288371802912036401e-02
6.288364073930369225e-02
6.288356436733733013e-02
6.288348890233882993e-02
6.288341433355511267e-02
6.288334065036001175e-02
6.288326784225356514e-02
6.288319589885996153e-02
6.288312480992669373e-02
6.288305456532237991e-02
6.288298515503570885e-02
6.288291656917419092e-02
6.288284879796238180e-02
6.288278183174071667e-02
6.288271566096396981e-02
6.288265027620011660e-02
6.288258566812891803e-02
6.288252182754044961e-02
6.288245874533392177e-02
6.288239641251650025e-02
6.288233482020173792e-02
6.288227395960858945e-02
6.288221382205989862e-02
6.288215439898148240e-02
6.288209568190061827e-02
6.288203766244498949e-02
6.288198033234145001e-02
6.288192368341503913e-02
6.288186770758737165e-02
6.288181239687588853e-02
6.288175774339259394e-02
6.288170373934301449e-02
6.288165037702481142e-02
6.288159764882711444e-02
6.288154554722898137e-02
6.288149406479866255e-02
6.288144319419250450e-02
6.288139292815371484e-02
6.288134325951152959e-02
6.288129418118006131e-02
6.288124568615731380e-02
6.288119776752434942e-02
6.288115041844408171e-02
6.288110363216035947e-02
6.288105740199707860e-02
6.288101172135718286e-02
6.288096658372174796e-02
6.288092198264901012e-02
6.288087791177351948e-02
6.288083436480512711e-02
6.288079133552829103e-02
6.288074881780078562e-02
6.288070680555346570e-02
6.288066529278871220e-02
6.288062427358007134e-02
6.288058374207128320e-02
6.288054369247526865e-02
6.288050411907360193e-02
6.288046501621524786e-02
6.288042637831638138e-02
6.288038819985927730e-02
6.288035047539121403e-02
6.288031319952414044e-02
6.288027636693385714e-02
6.288023997235907270e-02
6.288020401060079312e-02
6.288016847652146135e-02
6.288013336504436057e-02
6.288009867115292029e-02
6.288006438988975877e-02
6.288003051635632223e-02
6.287999704571171911e-02
6.287996397317269226e-02
6.287993129401227288e-02
6.287989900355958617e-02
6.287986709719887990e-02
6.287983557036899707e-02
6.287980441856286240e-02
6.287977363732651093e-02
6.287974322225892143e-02
6.287971316901069807e-02
6.287968347328427854e-02
6.287965413083267119e-02
6.287962513745930238e-02
6.287959648901692011e-02
6.287956818140762183e-02
6.287954021058173026e-02
6.287951257253758530e-02
6.287948526332068355e-02
6.287945827902342855e-02
6.287943161578433970e-02
6.287940526978753886e-02
6.287937923726225065e-02
6.287935351448238619e-02
6.287932809776575205e-02
6.287930298347373104e-02
6.287927816801078262e-02
6.287925364782366577e-02
6.287922941940121691e-02
6.287920547927394743e-02
6.287918182401314171e-02
6.287915845023056560e-02
6.287913535457809178e-02
6.287911253374732501e-02
6.287908998446858910e-02
6.287906770351127383e-02
6.287904568768251656e-02
6.287902393382747979e-02
6.287900243882839357e-02
6.287898119960436127e-02
6.287896021311106809e-02
6.287893947633985126e-02
6.287891898631785270e-02
6.287889874010714475e-02
6.287887873480456358e-02
6.287885896754127901e-02
6.287883943548225330e-02
6.287882013582600516e-02
6.287880106580413797e-02
6.287878222268084016e-02
6.287876360375280194e-02
6.287874520634852138e-02
6.287872702782794365e-02
6.287870906558234996e-02
6.287869131703384407e-02
6.287867377963475557e-02
6.287865645086779254e-02
6.287863932824509783e-02
6.287862240930842950e-02
6.287860569162842528e-02
6.287858917280446380e-02
6.287857285046427602e-02
6.287855672226358439e-02
6.287854078588586693e-02
6.287852503904167722e-02
6.287850947946907465e-02
6.287849410493225044e-02
6.287847891322234650e-02
6.287846390215631742e-02
6.287844906957683333e-02
6.287843441335215500e-02
6.287841993137560648e-02
6.287840562156556123e-02
6.287839148186485927e-02
6.287837751024069610e-02
6.287836370468409541e-02
6.287835006320995068e-02
6.287833658385658109e-02
6.287832326468549560e-02
6.287831010378100438e-02
6.287829709925012167e-02
6.287828424922227433e-02
6.287827155184870509e-02
6.287825900530279177e-02
6.287824660777932562e-02
6.287823435749448353e-02
6.287822225268552279e-02
6.287821029161036468e-02
6.287819847254773331e-02
6.287818679379655884e-02
6.287817525367590810e-02
6.287816385052455437e-02
6.287815258270104679e-02
6.287814144858341892e-02
6.287813044656861972e-02
6.287811957507265237e-02
6.287810883253039385e-02
6.287809821739484550e-02
6.287808772813761882e-02
6.287807736324822760e-02
6.287806712123407415e-02
6.287805700062019942e-02
6.287804699994915814e-02
6.287803711778051918e-02
6.287802735269104604e-02
6.287801770327426654e-02
6.287800816814043126e-02
6.287799874591602778e-02
6.287798943524394724e-02
6.287798023478308185e-02
6.287797114320813063e-02
6.287796215920951615e-02
6.287795328149312080e-02
6.287794450878016195e-02
6.287793583980699763e-02
6.287792727332477960e-02
6.287791880809964762e-02
6.287791044291227149e-02
6.287790217655760128e-02
6.287789400784511706e-02
6.287788593559803796e-02
6.287787795865384943e-02
6.287787007586359556e-02
6.287786228609190675e-02
6.287785458821701368e-02
6.287784698113028925e-02
6.287783946373629029e-02
6.287783203495249384e-02
6.287782469370926941e-02
6.287781743894962916e-02
6.287781026962899200e-02
6.287780318471535013e-02
6.287779618318878327e-02
6.287778926404148649e-02
6.287778242627760361e-02
6.287777566891313008e-02
6.287776899097560768e-02
6.287776239150423552e-02
6.287775586954939822e-02
6.287774942417302670e-02
6.287774305444804313e-02
6.287773675945829144e-02
6.287773053829850967e-02
6.287772439007430214e-02
6.287771831390169541e-02
6.287771230890748519e-02
6.287770637422841757e-02
6.287770050901184127e-02
6.287769471241506924e-02
6.287768898360547587e-02
6.287768332176031649e-02
6.287767772606649153e-02
6.287767219572087951e-02
6.287766672992946282e-02
6.287766132790796603e-02
6.287765598888137020e-02
6.287765071208394063e-02
6.287764549675875503e-02
6.287764034215821696e-02
6.287763524754352851e-02
6.287763021218453763e-02
6.287762523536000181e-02
6.287762031635700521e-02
6.287761545447140277e-02
6.287761064900718178e-02
6.287760589927675337e-02
6.287760120460067492e-02
6.287759656430759458e-02
6.287759197773416797e-02
6.287758744422485002e-02
6.287758296313217254e-02
6.287757853381607809e-02
6.287757415564435015e-02
6.287756982799216909e-02
6.287756555024227867e-02
6.287756132178469459e-02
6.287755714201670454e-02
6.287755301034295141e-02
6.287754892617496150e-02
6.287754488893146365e-02
6.287754089803802848e-02
6.287753695292708223e-02
6.287753305303787899e-02
6.287752919781634808e-02
6.287752538671496916e-02
6.287752161919299421e-02
6.287751789471585084e-02
6.287751421275551700e-02
6.287751057279032663e-02
6.287750697430473379e-02
6.287750341678942367e-02
6.287749989974113218e-02
6.287749642266268757e-02
6.287749298506288553e-02
6.287748958645630881e-02
6.287748622636347984e-02
6.287748290431047216e-02
6.287747961982928513e-02
6.287747637245727494e-02
6.287747316173762646e-02
6.287746998721877034e-02
6.287746684845461898e-02
