9.999999999999999167e-02
2.000000000000000389e-01
3.000000000000000999e-01
4.000000000000001887e-01
5.000000000000002220e-01
6.000000000000003109e-01
7.000000000000003997e-01
8.000000000000004885e-01
9.000000000000005773e-01
1.000000000000000666e+00
1.100000000000000755e+00
1.200000000000000844e+00
1.300000000000000933e+00
1.400000000000001021e+00
1.500000000000001110e+00
1.600000000000001199e+00
1.700000000000001288e+00
1.800000000000001377e+00
1.900000000000001465e+00
2.000000000000001332e+00
2.099999999999999201e+00
2.199999999999997069e+00
2.299999999999994937e+00
2.399999999999992806e+00
2.499999999999990674e+00
2.599999999999988542e+00
2.699999999999986411e+00
2.799999999999984279e+00
2.899999999999982148e+00
2.999999999999980016e+00
3.099999999999977884e+00
3.199999999999975753e+00
3.299999999999973621e+00
3.399999999999971489e+00
3.499999999999969358e+00
3.599999999999967226e+00
3.699999999999965095e+00
3.799999999999962963e+00
3.899999999999960831e+00
3.999999999999958700e+00
4.099999999999957012e+00
4.199999999999954881e+00
4.299999999999952749e+00
4.399999999999950617e+00
4.499999999999948486e+00
4.599999999999946354e+00
4.699999999999944222e+00
4.799999999999942091e+00
4.899999999999939959e+00
4.999999999999937828e+00
5.099999999999935696e+00
5.199999999999933564e+00
5.299999999999931433e+00
5.399999999999929301e+00
5.499999999999927169e+00
5.599999999999925038e+00
5.699999999999922906e+00
5.799999999999920774e+00
5.899999999999918643e+00
5.999999999999916511e+00
6.099999999999914380e+00
6.199999999999912248e+00
6.299999999999910116e+00
6.399999999999907985e+00
6.499999999999905853e+00
6.599999999999903721e+00
6.699999999999901590e+00
6.799999999999899458e+00
6.899999999999897327e+00
6.999999999999895195e+00
7.099999999999893063e+00
7.199999999999890932e+00
7.299999999999888800e+00
7.399999999999886668e+00
7.499999999999884537e+00
7.599999999999882405e+00
7.699999999999880274e+00
7.799999999999878142e+00
7.899999999999876010e+00
7.999999999999873879e+00
8.099999999999871747e+00
8.199999999999869615e+00
8.299999999999867484e+00
8.399999999999865352e+00
8.499999999999863221e+00
8.599999999999861089e+00
8.699999999999858957e+00
8.799999999999856826e+00
8.899999999999854694e+00
8.999999999999852562e+00
9.099999999999850431e+00
9.199999999999848299e+00
9.299999999999846167e+00
9.399999999999844036e+00
9.499999999999841904e+00
9.599999999999839773e+00
9.699999999999837641e+00
9.799999999999835509e+00
9.899999999999833378e+00
9.999999999999831246e+00
1.009999999999982911e+01
1.019999999999982698e+01
1.029999999999982485e+01
1.039999999999982272e+01
1.049999999999982059e+01
1.059999999999981846e+01
1.069999999999981632e+01
1.079999999999981419e+01
1.089999999999981206e+01
1.099999999999980993e+01
1.109999999999980780e+01
1.119999999999980567e+01
1.129999999999980353e+01
1.139999999999980140e+01
1.149999999999979927e+01
1.159999999999979714e+01
1.169999999999979501e+01
1.179999999999979288e+01
1.189999999999979075e+01
1.199999999999978861e+01
1.209999999999978648e+01
1.219999999999978435e+01
1.229999999999978222e+01
1.239999999999978009e+01
1.249999999999977796e+01
1.259999999999977582e+01
1.269999999999977369e+01
1.279999999999977156e+01
1.289999999999976943e+01
1.299999999999976730e+01
1.309999999999976517e+01
1.319999999999976303e+01
1.329999999999976090e+01
1.339999999999975877e+01
1.349999999999975664e+01
1.359999999999975451e+01
1.369999999999975238e+01
1.379999999999975024e+01
1.389999999999974811e+01
1.399999999999974598e+01
1.409999999999974385e+01
1.419999999999974172e+01
1.429999999999973959e+01
1.439999999999973745e+01
1.449999999999973532e+01
1.459999999999973319e+01
1.469999999999973106e+01
1.479999999999972893e+01
1.489999999999972680e+01
1.499999999999972466e+01
1.509999999999972253e+01
1.519999999999972040e+01
1.529999999999971827e+01
1.539999999999971614e+01
1.549999999999971401e+01
1.559999999999971187e+01
1.569999999999970974e+01
1.579999999999970761e+01
1.589999999999970548e+01
1.599999999999970335e+01
1.609999999999971720e+01
1.619999999999973284e+01
1.629999999999974847e+01
1.639999999999976410e+01
1.649999999999977973e+01
1.659999999999979536e+01
1.669999999999981100e+01
1.679999999999982663e+01
1.689999999999984226e+01
1.699999999999985789e+01
1.709999999999987352e+01
1.719999999999988916e+01
1.729999999999990479e+01
1.739999999999992042e+01
1.749999999999993605e+01
1.759999999999995168e+01
1.769999999999996732e+01
1.779999999999998295e+01
1.789999999999999858e+01
1.800000000000001421e+01
1.810000000000002984e+01
1.820000000000004547e+01
1.830000000000006111e+01
1.840000000000007674e+01
1.850000000000009237e+01
1.860000000000010800e+01
1.870000000000012363e+01
1.880000000000013927e+01
1.890000000000015490e+01
1.900000000000017053e+01
1.910000000000018616e+01
1.920000000000020179e+01
1.930000000000021743e+01
1.940000000000023306e+01
1.950000000000024869e+01
1.960000000000026432e+01
1.970000000000027995e+01
1.980000000000029559e+01
1.990000000000031122e+01
2.000000000000032685e+01
2.010000000000034248e+01
2.020000000000035811e+01
2.030000000000037375e+01
2.040000000000038938e+01
2.050000000000040501e+01
2.060000000000042064e+01
2.070000000000043627e+01
2.080000000000045191e+01
2.090000000000046754e+01
2.100000000000048317e+01
2.110000000000049880e+01
2.120000000000051443e+01
2.130000000000053006e+01
2.140000000000054570e+01
2.150000000000056133e+01
2.160000000000057696e+01
2.170000000000059259e+01
2.180000000000060822e+01
2.190000000000062386e+01
2.200000000000063949e+01
2.210000000000065512e+01
2.220000000000067075e+01
2.230000000000068638e+01
2.240000000000070202e+01
2.250000000000071765e+01
2.260000000000073328e+01
2.270000000000074891e+01
2.280000000000076454e+01
2.290000000000078018e+01
2.300000000000079581e+01
2.310000000000081144e+01
2.320000000000082707e+01
2.330000000000084270e+01
2.340000000000085834e+01
2.350000000000087397e+01
2.360000000000088960e+01
2.370000000000090523e+01
2.380000000000092086e+01
2.390000000000093650e+01
2.400000000000095213e+01
2.410000000000096776e+01
2.420000000000098339e+01
2.430000000000099902e+01
2.440000000000101466e+01
2.450000000000103029e+01
2.460000000000104592e+01
2.470000000000106155e+01
2.480000000000107718e+01
2.490000000000109281e+01
2.500000000000110845e+01
2.510000000000112408e+01
2.520000000000113971e+01
2.530000000000115534e+01
2.540000000000117097e+01
2.550000000000118661e+01
2.560000000000120224e+01
2.570000000000121787e+01
2.580000000000123350e+01
2.590000000000124913e+01
2.600000000000126477e+01
2.610000000000128040e+01
2.620000000000129603e+01
2.630000000000131166e+01
2.640000000000132729e+01
2.650000000000134293e+01
2.660000000000135856e+01
2.670000000000137419e+01
2.680000000000138982e+01
2.690000000000140545e+01
2.700000000000142109e+01
2.710000000000143672e+01
2.720000000000145235e+01
2.730000000000146798e+01
2.740000000000148361e+01
2.750000000000149925e+01
2.760000000000151488e+01
2.770000000000153051e+01
2.780000000000154614e+01
2.790000000000156177e+01
2.800000000000157740e+01
2.810000000000159304e+01
2.820000000000160867e+01
2.830000000000162430e+01
2.840000000000163993e+01
2.850000000000165556e+01
2.860000000000167120e+01
2.870000000000168683e+01
2.880000000000170246e+01
2.890000000000171809e+01
2.900000000000173372e+01
2.910000000000174936e+01
2.920000000000176499e+01
2.930000000000178062e+01
2.940000000000179625e+01
2.950000000000181188e+01
2.960000000000182752e+01
2.970000000000184315e+01
2.980000000000185878e+01
2.990000000000187441e+01
3.000000000000189004e+01
3.010000000000190568e+01
3.020000000000192131e+01
3.030000000000193694e+01
3.040000000000195257e+01
3.050000000000196820e+01
3.060000000000198384e+01
3.070000000000199947e+01
3.080000000000201510e+01
3.090000000000203073e+01
3.100000000000204636e+01
3.110000000000206200e+01
3.120000000000207763e+01
3.130000000000209326e+01
3.140000000000210889e+01
3.150000000000212452e+01
3.160000000000214015e+01
3.170000000000215579e+01
3.180000000000217142e+01
3.190000000000218705e+01
3.200000000000220268e+01
3.210000000000218279e+01
3.220000000000216289e+01
3.230000000000214300e+01
3.240000000000212310e+01
3.250000000000210321e+01
3.260000000000208331e+01
3.270000000000206342e+01
3.280000000000204352e+01
3.290000000000202363e+01
3.300000000000200373e+01
3.310000000000198384e+01
3.320000000000196394e+01
3.330000000000194404e+01
3.340000000000192415e+01
3.350000000000190425e+01
3.360000000000188436e+01
3.370000000000186446e+01
3.380000000000184457e+01
3.390000000000182467e+01
3.400000000000180478e+01
3.410000000000178488e+01
3.420000000000176499e+01
3.430000000000174509e+01
3.440000000000172520e+01
3.450000000000170530e+01
3.460000000000168541e+01
3.470000000000166551e+01
3.480000000000164562e+01
3.490000000000162572e+01
3.500000000000160583e+01
3.510000000000158593e+01
3.520000000000156604e+01
3.530000000000154614e+01
3.540000000000152625e+01
3.550000000000150635e+01
3.560000000000148646e+01
3.570000000000146656e+01
3.580000000000144667e+01
3.590000000000142677e+01
3.600000000000140687e+01
3.610000000000138698e+01
3.620000000000136708e+01
3.630000000000134719e+01
3.640000000000132729e+01
3.650000000000130740e+01
3.660000000000128750e+01
3.670000000000126761e+01
3.680000000000124771e+01
3.690000000000122782e+01
3.700000000000120792e+01
3.710000000000118803e+01
3.720000000000116813e+01
3.730000000000114824e+01
3.740000000000112834e+01
3.750000000000110845e+01
3.760000000000108855e+01
3.770000000000106866e+01
3.780000000000104876e+01
3.790000000000102887e+01
3.800000000000100897e+01
3.810000000000098908e+01
3.820000000000096918e+01
3.830000000000094929e+01
3.840000000000092939e+01
3.850000000000090949e+01
3.860000000000088960e+01
3.870000000000086970e+01
3.880000000000084981e+01
3.890000000000082991e+01
3.900000000000081002e+01
3.910000000000079012e+01
3.920000000000077023e+01
3.930000000000075033e+01
3.940000000000073044e+01
3.950000000000071054e+01
3.960000000000069065e+01
3.970000000000067075e+01
3.980000000000065086e+01
3.990000000000063096e+01
4.000000000000061107e+01
4.010000000000059117e+01
4.020000000000057128e+01
4.030000000000055138e+01
4.040000000000053149e+01
4.050000000000051159e+01
4.060000000000049170e+01
4.070000000000047180e+01
4.080000000000045191e+01
4.090000000000043201e+01
4.100000000000041211e+01
4.110000000000039222e+01
4.120000000000037232e+01
4.130000000000035243e+01
4.140000000000033253e+01
4.150000000000031264e+01
4.160000000000029274e+01
4.170000000000027285e+01
4.180000000000025295e+01
4.190000000000023306e+01
4.200000000000021316e+01
4.210000000000019327e+01
4.220000000000017337e+01
4.230000000000015348e+01
4.240000000000013358e+01
4.250000000000011369e+01
4.260000000000009379e+01
4.270000000000007390e+01
4.280000000000005400e+01
4.290000000000003411e+01
4.300000000000001421e+01
4.309999999999999432e+01
4.319999999999997442e+01
4.329999999999995453e+01
4.339999999999993463e+01
4.349999999999991473e+01
4.359999999999989484e+01
4.369999999999987494e+01
4.379999999999985505e+01
4.389999999999983515e+01
4.399999999999981526e+01
4.409999999999979536e+01
4.419999999999977547e+01
4.429999999999975557e+01
4.439999999999973568e+01
4.449999999999971578e+01
4.459999999999969589e+01
4.469999999999967599e+01
4.479999999999965610e+01
4.489999999999963620e+01
4.499999999999961631e+01
4.509999999999959641e+01
4.519999999999957652e+01
4.529999999999955662e+01
4.539999999999953673e+01
4.549999999999951683e+01
4.559999999999949694e+01
4.569999999999947704e+01
4.579999999999945715e+01
4.589999999999943725e+01
4.599999999999941735e+01
4.609999999999939746e+01
4.619999999999937756e+01
4.629999999999935767e+01
4.639999999999933777e+01
4.649999999999931788e+01
4.659999999999929798e+01
4.669999999999927809e+01
4.679999999999925819e+01
4.689999999999923830e+01
4.699999999999921840e+01
4.709999999999919851e+01
4.719999999999917861e+01
4.729999999999915872e+01
4.739999999999913882e+01
4.749999999999911893e+01
4.759999999999909903e+01
4.769999999999907914e+01
4.779999999999905924e+01
4.789999999999903935e+01
4.799999999999901945e+01
4.809999999999899956e+01
4.819999999999897966e+01
4.829999999999895977e+01
4.839999999999893987e+01
4.849999999999891998e+01
4.859999999999890008e+01
4.869999999999888018e+01
4.879999999999886029e+01
4.889999999999884039e+01
4.899999999999882050e+01
4.909999999999880060e+01
4.919999999999878071e+01
4.929999999999876081e+01
4.939999999999874092e+01
4.949999999999872102e+01
4.959999999999870113e+01
4.969999999999868123e+01
4.979999999999866134e+01
4.989999999999864144e+01
4.999999999999862155e+01
5.009999999999860165e+01
5.019999999999858176e+01
5.029999999999856186e+01
5.039999999999854197e+01
5.049999999999852207e+01
5.059999999999850218e+01
5.069999999999848228e+01
5.079999999999846239e+01
5.089999999999844249e+01
5.099999999999842260e+01
5.109999999999840270e+01
5.119999999999838280e+01
5.129999999999836291e+01
5.139999999999834301e+01
5.149999999999832312e+01
5.159999999999830322e+01
5.169999999999828333e+01
5.179999999999826343e+01
5.189999999999824354e+01
5.199999999999822364e+01
5.209999999999820375e+01
5.219999999999818385e+01
5.229999999999816396e+01
5.239999999999814406e+01
5.249999999999812417e+01
5.259999999999810427e+01
5.269999999999808438e+01
5.279999999999806448e+01
5.289999999999804459e+01
5.299999999999802469e+01
5.309999999999800480e+01
5.319999999999798490e+01
5.329999999999796501e+01
5.339999999999794511e+01
5.349999999999792522e+01
5.359999999999790532e+01
5.369999999999788542e+01
5.379999999999786553e+01
5.389999999999784563e+01
5.399999999999782574e+01
5.409999999999780584e+01
5.419999999999778595e+01
5.429999999999776605e+01
5.439999999999774616e+01
5.449999999999772626e+01
5.459999999999770637e+01
5.469999999999768647e+01
5.479999999999766658e+01
5.489999999999764668e+01
5.499999999999762679e+01
5.509999999999760689e+01
5.519999999999758700e+01
5.529999999999756710e+01
5.539999999999754721e+01
5.549999999999752731e+01
5.559999999999750742e+01
5.569999999999748752e+01
5.579999999999746763e+01
5.589999999999744773e+01
5.599999999999742784e+01
5.609999999999740794e+01
5.619999999999738804e+01
5.629999999999736815e+01
5.639999999999734825e+01
5.649999999999732836e+01
5.659999999999730846e+01
5.669999999999728857e+01
5.679999999999726867e+01
5.689999999999724878e+01
5.699999999999722888e+01
5.709999999999720899e+01
5.719999999999718909e+01
5.729999999999716920e+01
5.739999999999714930e+01
5.749999999999712941e+01
5.759999999999710951e+01
5.769999999999708962e+01
5.779999999999706972e+01
5.789999999999704983e+01
5.799999999999702993e+01
5.809999999999701004e+01
5.819999999999699014e+01
5.829999999999697025e+01
5.839999999999695035e+01
5.849999999999693046e+01
5.859999999999691056e+01
5.869999999999689066e+01
5.879999999999687077e+01
5.889999999999685087e+01
5.899999999999683098e+01
5.909999999999681108e+01
5.919999999999679119e+01
5.929999999999677129e+01
5.939999999999675140e+01
5.949999999999673150e+01
5.959999999999671161e+01
5.969999999999669171e+01
5.979999999999667182e+01
5.989999999999665192e+01
5.999999999999663203e+01
6.009999999999661213e+01
6.019999999999659224e+01
6.029999999999657234e+01
6.039999999999655245e+01
6.049999999999653255e+01
6.059999999999651266e+01
6.069999999999649276e+01
6.079999999999647287e+01
6.089999999999645297e+01
6.099999999999643308e+01
6.109999999999641318e+01
6.119999999999639329e+01
6.129999999999637339e+01
6.139999999999635349e+01
6.149999999999633360e+01
6.159999999999631370e+01
6.169999999999629381e+01
6.179999999999627391e+01
6.189999999999625402e+01
6.199999999999623412e+01
6.209999999999621423e+01
6.219999999999619433e+01
6.229999999999617444e+01
6.239999999999615454e+01
6.249999999999613465e+01
6.259999999999611475e+01
6.269999999999609486e+01
6.279999999999607496e+01
6.289999999999605507e+01
6.299999999999603517e+01
6.309999999999601528e+01
6.319999999999599538e+01
6.329999999999597549e+01
6.339999999999595559e+01
6.349999999999593570e+01
6.359999999999591580e+01
6.369999999999589591e+01
6.379999999999587601e+01
6.389999999999585611e+01
6.399999999999583622e+01
6.409999999999588738e+01
6.419999999999593854e+01
6.429999999999598970e+01
6.439999999999604086e+01
6.449999999999609201e+01
6.459999999999614317e+01
6.469999999999619433e+01
6.479999999999624549e+01
6.489999999999629665e+01
6.499999999999634781e+01
6.509999999999639897e+01
6.519999999999645013e+01
6.529999999999650129e+01
6.539999999999655245e+01
6.549999999999660361e+01
6.559999999999665476e+01
6.569999999999670592e+01
6.579999999999675708e+01
6.589999999999680824e+01
6.599999999999685940e+01
6.609999999999691056e+01
6.619999999999696172e+01
6.629999999999701288e+01
6.639999999999706404e+01
6.649999999999711520e+01
6.659999999999716636e+01
6.669999999999721751e+01
6.679999999999726867e+01
6.689999999999731983e+01
6.699999999999737099e+01
6.709999999999742215e+01
6.719999999999747331e+01
6.729999999999752447e+01
6.739999999999757563e+01
6.749999999999762679e+01
6.759999999999767795e+01
6.769999999999772911e+01
6.779999999999778026e+01
6.789999999999783142e+01
6.799999999999788258e+01
6.809999999999793374e+01
6.819999999999798490e+01
6.829999999999803606e+01
6.839999999999808722e+01
6.849999999999813838e+01
6.859999999999818954e+01
6.869999999999824070e+01
6.879999999999829186e+01
6.889999999999834301e+01
6.899999999999839417e+01
6.909999999999844533e+01
6.919999999999849649e+01
6.929999999999854765e+01
6.939999999999859881e+01
6.949999999999864997e+01
6.959999999999870113e+01
6.969999999999875229e+01
6.979999999999880345e+01
6.989999999999885461e+01
6.999999999999890576e+01
7.009999999999895692e+01
7.019999999999900808e+01
7.029999999999905924e+01
7.039999999999911040e+01
7.049999999999916156e+01
7.059999999999921272e+01
7.069999999999926388e+01
7.079999999999931504e+01
7.089999999999936620e+01
7.099999999999941735e+01
7.109999999999946851e+01
7.119999999999951967e+01
7.129999999999957083e+01
7.139999999999962199e+01
7.149999999999967315e+01
7.159999999999972431e+01
7.169999999999977547e+01
7.179999999999982663e+01
7.189999999999987779e+01
7.199999999999992895e+01
7.209999999999998010e+01
7.220000000000003126e+01
7.230000000000008242e+01
7.240000000000013358e+01
7.250000000000018474e+01
7.260000000000023590e+01
7.270000000000028706e+01
7.280000000000033822e+01
7.290000000000038938e+01
7.300000000000044054e+01
7.310000000000049170e+01
7.320000000000054285e+01
7.330000000000059401e+01
7.340000000000064517e+01
7.350000000000069633e+01
7.360000000000074749e+01
7.370000000000079865e+01
7.380000000000084981e+01
7.390000000000090097e+01
7.400000000000095213e+01
7.410000000000100329e+01
7.420000000000105445e+01
7.430000000000110560e+01
7.440000000000115676e+01
7.450000000000120792e+01
7.460000000000125908e+01
7.470000000000131024e+01
7.480000000000136140e+01
7.490000000000141256e+01
7.500000000000146372e+01
7.510000000000151488e+01
7.520000000000156604e+01
7.530000000000161720e+01
7.540000000000166835e+01
7.550000000000171951e+01
7.560000000000177067e+01
7.570000000000182183e+01
7.580000000000187299e+01
7.590000000000192415e+01
7.600000000000197531e+01
7.610000000000202647e+01
7.620000000000207763e+01
7.630000000000212879e+01
7.640000000000217995e+01
7.650000000000223110e+01
7.660000000000228226e+01
7.670000000000233342e+01
7.680000000000238458e+01
7.690000000000243574e+01
7.700000000000248690e+01
7.710000000000253806e+01
7.720000000000258922e+01
7.730000000000264038e+01
7.740000000000269154e+01
7.750000000000274269e+01
7.760000000000279385e+01
7.770000000000284501e+01
7.780000000000289617e+01
7.790000000000294733e+01
7.800000000000299849e+01
7.810000000000304965e+01
7.820000000000310081e+01
7.830000000000315197e+01
7.840000000000320313e+01
7.850000000000325429e+01
7.860000000000330544e+01
7.870000000000335660e+01
7.880000000000340776e+01
7.890000000000345892e+01
7.900000000000351008e+01
7.910000000000356124e+01
7.920000000000361240e+01
7.930000000000366356e+01
7.940000000000371472e+01
7.950000000000376588e+01
7.960000000000381704e+01
7.970000000000386819e+01
7.980000000000391935e+01
7.990000000000397051e+01
8.000000000000402167e+01
8.010000000000407283e+01
8.020000000000412399e+01
8.030000000000417515e+01
8.040000000000422631e+01
8.050000000000427747e+01
8.060000000000432863e+01
8.070000000000437979e+01
8.080000000000443094e+01
8.090000000000448210e+01
8.100000000000453326e+01
8.110000000000458442e+01
8.120000000000463558e+01
8.130000000000468674e+01
8.140000000000473790e+01
8.150000000000478906e+01
8.160000000000484022e+01
8.170000000000489138e+01
8.180000000000494254e+01
8.190000000000499369e+01
8.200000000000504485e+01
8.210000000000509601e+01
8.220000000000514717e+01
8.230000000000519833e+01
8.240000000000524949e+01
8.250000000000530065e+01
8.260000000000535181e+01
8.270000000000540297e+01
8.280000000000545413e+01
8.290000000000550529e+01
8.300000000000555644e+01
8.310000000000560760e+01
8.320000000000565876e+01
8.330000000000570992e+01
8.340000000000576108e+01
8.350000000000581224e+01
8.360000000000586340e+01
8.370000000000591456e+01
8.380000000000596572e+01
8.390000000000601688e+01
8.400000000000606803e+01
8.410000000000611919e+01
8.420000000000617035e+01
8.430000000000622151e+01
8.440000000000627267e+01
8.450000000000632383e+01
8.460000000000637499e+01
8.470000000000642615e+01
8.480000000000647731e+01
8.490000000000652847e+01
8.500000000000657963e+01
8.510000000000663078e+01
8.520000000000668194e+01
8.530000000000673310e+01
8.540000000000678426e+01
8.550000000000683542e+01
8.560000000000688658e+01
8.570000000000693774e+01
8.580000000000698890e+01
8.590000000000704006e+01
8.600000000000709122e+01
8.610000000000714238e+01
8.620000000000719353e+01
8.630000000000724469e+01
8.640000000000729585e+01
8.650000000000734701e+01
8.660000000000739817e+01
8.670000000000744933e+01
8.680000000000750049e+01
8.690000000000755165e+01
8.700000000000760281e+01
8.710000000000765397e+01
8.720000000000770513e+01
8.730000000000775628e+01
8.740000000000780744e+01
8.750000000000785860e+01
8.760000000000790976e+01
8.770000000000796092e+01
8.780000000000801208e+01
8.790000000000806324e+01
8.800000000000811440e+01
8.810000000000816556e+01
8.820000000000821672e+01
8.830000000000826788e+01
8.840000000000831903e+01
8.850000000000837019e+01
8.860000000000842135e+01
8.870000000000847251e+01
8.880000000000852367e+01
8.890000000000857483e+01
8.900000000000862599e+01
8.910000000000867715e+01
8.920000000000872831e+01
8.930000000000877947e+01
8.940000000000883063e+01
8.950000000000888178e+01
8.960000000000893294e+01
8.970000000000898410e+01
8.980000000000903526e+01
8.990000000000908642e+01
9.000000000000913758e+01
9.010000000000918874e+01
9.020000000000923990e+01
9.030000000000929106e+01
9.040000000000934222e+01
9.050000000000939337e+01
9.060000000000944453e+01
9.070000000000949569e+01
9.080000000000954685e+01
9.090000000000959801e+01
9.100000000000964917e+01
9.110000000000970033e+01
9.120000000000975149e+01
9.130000000000980265e+01
9.140000000000985381e+01
9.150000000000990497e+01
9.160000000000995612e+01
9.170000000001000728e+01
9.180000000001005844e+01
9.190000000001010960e+01
9.200000000001016076e+01
9.210000000001021192e+01
9.220000000001026308e+01
9.230000000001031424e+01
9.240000000001036540e+01
9.250000000001041656e+01
9.260000000001046772e+01
9.270000000001051887e+01
9.280000000001057003e+01
9.290000000001062119e+01
9.300000000001067235e+01
9.310000000001072351e+01
9.320000000001077467e+01
9.330000000001082583e+01
9.340000000001087699e+01
9.350000000001092815e+01
9.360000000001097931e+01
9.370000000001103047e+01
9.380000000001108162e+01
9.390000000001113278e+01
9.400000000001118394e+01
9.410000000001123510e+01
9.420000000001128626e+01
9.430000000001133742e+01
9.440000000001138858e+01
9.450000000001143974e+01
9.460000000001149090e+01
9.470000000001154206e+01
9.480000000001159322e+01
9.490000000001164437e+01
9.500000000001169553e+01
9.510000000001174669e+01
9.520000000001179785e+01
9.530000000001184901e+01
9.540000000001190017e+01
9.550000000001195133e+01
9.560000000001200249e+01
9.570000000001205365e+01
9.580000000001210481e+01
9.590000000001215597e+01
9.600000000001220712e+01
9.610000000001225828e+01
9.620000000001230944e+01
9.630000000001236060e+01
9.640000000001241176e+01
9.650000000001246292e+01
9.660000000001251408e+01
9.670000000001256524e+01
9.680000000001261640e+01
9.690000000001266756e+01
9.700000000001271871e+01
9.710000000001276987e+01
9.720000000001282103e+01
9.730000000001287219e+01
9.740000000001292335e+01
9.750000000001297451e+01
9.760000000001302567e+01
9.770000000001307683e+01
9.780000000001312799e+01
9.790000000001317915e+01
9.800000000001323031e+01
9.810000000001328146e+01
9.820000000001333262e+01
9.830000000001338378e+01
9.840000000001343494e+01
9.850000000001348610e+01
9.860000000001353726e+01
9.870000000001358842e+01
9.880000000001363958e+01
9.890000000001369074e+01
9.900000000001374190e+01
9.910000000001379306e+01
9.920000000001384421e+01
9.930000000001389537e+01
9.940000000001394653e+01
9.950000000001399769e+01
9.960000000001404885e+01
9.970000000001410001e+01
9.980000000001415117e+01
9.990000000001420233e+01
1.000000000000142535e+02
1.001000000000143046e+02
1.002000000000143558e+02
1.003000000000144070e+02
1.004000000000144581e+02
1.005000000000145093e+02
1.006000000000145604e+02
1.007000000000146116e+02
1.008000000000146628e+02
1.009000000000147139e+02
1.010000000000147651e+02
1.011000000000148162e+02
1.012000000000148674e+02
1.013000000000149186e+02
1.014000000000149697e+02
1.015000000000150209e+02
1.016000000000150720e+02
1.017000000000151232e+02
1.018000000000151744e+02
1.019000000000152255e+02
1.020000000000152767e+02
1.021000000000153278e+02
1.022000000000153790e+02
1.023000000000154301e+02
1.024000000000154813e+02
1.025000000000155325e+02
1.026000000000155836e+02
1.027000000000156348e+02
1.028000000000156859e+02
1.029000000000157371e+02
1.030000000000157883e+02
1.031000000000158394e+02
1.032000000000158906e+02
1.033000000000159417e+02
1.034000000000159929e+02
1.035000000000160441e+02
1.036000000000160952e+02
1.037000000000161464e+02
1.038000000000161975e+02
1.039000000000162487e+02
1.040000000000162999e+02
1.041000000000163510e+02
1.042000000000164022e+02
1.043000000000164533e+02
1.044000000000165045e+02
1.045000000000165556e+02
1.046000000000166068e+02
1.047000000000166580e+02
1.048000000000167091e+02
1.049000000000167603e+02
1.050000000000168114e+02
1.051000000000168626e+02
1.052000000000169138e+02
1.053000000000169649e+02
1.054000000000170161e+02
1.055000000000170672e+02
1.056000000000171184e+02
1.057000000000171696e+02
1.058000000000172207e+02
1.059000000000172719e+02
1.060000000000173230e+02
1.061000000000173742e+02
1.062000000000174254e+02
1.063000000000174765e+02
1.064000000000175277e+02
1.065000000000175788e+02
1.066000000000176300e+02
1.067000000000176811e+02
1.068000000000177323e+02
1.069000000000177835e+02
1.070000000000178346e+02
1.071000000000178858e+02
1.072000000000179369e+02
1.073000000000179881e+02
1.074000000000180393e+02
1.075000000000180904e+02
1.076000000000181416e+02
1.077000000000181927e+02
1.078000000000182439e+02
1.079000000000182951e+02
1.080000000000183462e+02
1.081000000000183974e+02
1.082000000000184485e+02
1.083000000000184997e+02
1.084000000000185508e+02
1.085000000000186020e+02
1.086000000000186532e+02
1.087000000000187043e+02
1.088000000000187555e+02
1.089000000000188066e+02
1.090000000000188578e+02
1.091000000000189090e+02
1.092000000000189601e+02
1.093000000000190113e+02
1.094000000000190624e+02
1.095000000000191136e+02
1.096000000000191648e+02
1.097000000000192159e+02
1.098000000000192671e+02
1.099000000000193182e+02
1.100000000000193694e+02
1.101000000000194206e+02
1.102000000000194717e+02
1.103000000000195229e+02
1.104000000000195740e+02
1.105000000000196252e+02
1.106000000000196763e+02
1.107000000000197275e+02
1.108000000000197787e+02
1.109000000000198298e+02
1.110000000000198810e+02
1.111000000000199321e+02
1.112000000000199833e+02
1.113000000000200345e+02
1.114000000000200856e+02
1.115000000000201368e+02
1.116000000000201879e+02
1.117000000000202391e+02
1.118000000000202903e+02
1.119000000000203414e+02
1.120000000000203926e+02
1.121000000000204437e+02
1.122000000000204949e+02
1.123000000000205461e+02
1.124000000000205972e+02
1.125000000000206484e+02
1.126000000000206995e+02
1.127000000000207507e+02
1.128000000000208018e+02
1.129000000000208530e+02
1.130000000000209042e+02
1.131000000000209553e+02
1.132000000000210065e+02
1.133000000000210576e+02
1.134000000000211088e+02
1.135000000000211600e+02
1.136000000000212111e+02
1.137000000000212623e+02
1.138000000000213134e+02
1.139000000000213646e+02
1.140000000000214158e+02
1.141000000000214669e+02
1.142000000000215181e+02
1.143000000000215692e+02
1.144000000000216204e+02
1.145000000000216716e+02
1.146000000000217227e+02
1.147000000000217739e+02
1.148000000000218250e+02
1.149000000000218762e+02
1.150000000000219273e+02
1.151000000000219785e+02
1.152000000000220297e+02
1.153000000000220808e+02
1.154000000000221320e+02
1.155000000000221831e+02
1.156000000000222343e+02
1.157000000000222855e+02
1.158000000000223366e+02
1.159000000000223878e+02
1.160000000000224389e+02
1.161000000000224901e+02
1.162000000000225413e+02
1.163000000000225924e+02
1.164000000000226436e+02
1.165000000000226947e+02
1.166000000000227459e+02
1.167000000000227971e+02
1.168000000000228482e+02
1.169000000000228994e+02
1.170000000000229505e+02
1.171000000000230017e+02
1.172000000000230528e+02
1.173000000000231040e+02
1.174000000000231552e+02
1.175000000000232063e+02
1.176000000000232575e+02
1.177000000000233086e+02
1.178000000000233598e+02
1.179000000000234110e+02
1.180000000000234621e+02
1.181000000000235133e+02
1.182000000000235644e+02
1.183000000000236156e+02
1.184000000000236668e+02
1.185000000000237179e+02
1.186000000000237691e+02
1.187000000000238202e+02
1.188000000000238714e+02
1.189000000000239226e+02
1.190000000000239737e+02
1.191000000000240249e+02
1.192000000000240760e+02
1.193000000000241272e+02
1.194000000000241783e+02
1.195000000000242295e+02
1.196000000000242807e+02
1.197000000000243318e+02
1.198000000000243830e+02
1.199000000000244341e+02
1.200000000000244853e+02
1.201000000000245365e+02
1.202000000000245876e+02
1.203000000000246388e+02
1.204000000000246899e+02
1.205000000000247411e+02
1.206000000000247923e+02
1.207000000000248434e+02
1.208000000000248946e+02
1.209000000000249457e+02
1.210000000000249969e+02
1.211000000000250481e+02
1.212000000000250992e+02
1.213000000000251504e+02
1.214000000000252015e+02
1.215000000000252527e+02
1.216000000000253038e+02
1.217000000000253550e+02
1.218000000000254062e+02
1.219000000000254573e+02
1.220000000000255085e+02
1.221000000000255596e+02
1.222000000000256108e+02
1.223000000000256620e+02
1.224000000000257131e+02
1.225000000000257643e+02
1.226000000000258154e+02
1.227000000000258666e+02
1.228000000000259178e+02
1.229000000000259689e+02
1.230000000000260201e+02
1.231000000000260712e+02
1.232000000000261224e+02
1.233000000000261736e+02
1.234000000000262247e+02
1.235000000000262759e+02
1.236000000000263270e+02
1.237000000000263782e+02
1.238000000000264293e+02
1.239000000000264805e+02
1.240000000000265317e+02
1.241000000000265828e+02
1.242000000000266340e+02
1.243000000000266851e+02
1.244000000000267363e+02
1.245000000000267875e+02
1.246000000000268386e+02
1.247000000000268898e+02
1.248000000000269409e+02
1.249000000000269921e+02
1.250000000000270433e+02
1.251000000000270944e+02
1.252000000000271456e+02
1.253000000000271967e+02
1.254000000000272479e+02
1.255000000000272991e+02
1.256000000000273502e+02
1.257000000000274014e+02
1.258000000000274525e+02
1.259000000000275037e+02
1.260000000000275548e+02
1.261000000000276060e+02
1.262000000000276572e+02
1.263000000000277083e+02
1.264000000000277595e+02
1.265000000000278106e+02
1.266000000000278618e+02
1.267000000000279130e+02
1.268000000000279641e+02
1.269000000000280153e+02
1.270000000000280664e+02
1.271000000000281176e+02
1.272000000000281688e+02
1.273000000000282199e+02
1.274000000000282711e+02
1.275000000000283222e+02
1.276000000000283734e+02
1.277000000000284246e+02
1.278000000000284757e+02
1.279000000000285269e+02
1.280000000000285638e+02
1.281000000000284729e+02
1.282000000000283819e+02
1.283000000000282910e+02
1.284000000000282000e+02
1.285000000000281091e+02
1.286000000000280181e+02
1.287000000000279272e+02
1.288000000000278362e+02
1.289000000000277453e+02
1.290000000000276543e+02
1.291000000000275634e+02
1.292000000000274724e+02
1.293000000000273815e+02
1.294000000000272905e+02
1.295000000000271996e+02
1.296000000000271086e+02
1.297000000000270177e+02
1.298000000000269267e+02
1.299000000000268358e+02
1.300000000000267448e+02
1.301000000000266539e+02
1.302000000000265629e+02
1.303000000000264720e+02
1.304000000000263810e+02
1.305000000000262901e+02
1.306000000000261991e+02
1.307000000000261082e+02
1.308000000000260172e+02
1.309000000000259263e+02
1.310000000000258353e+02
1.311000000000257444e+02
1.312000000000256534e+02
1.313000000000255625e+02
1.314000000000254715e+02
1.315000000000253806e+02
1.316000000000252896e+02
1.317000000000251987e+02
1.318000000000251077e+02
1.319000000000250168e+02
1.320000000000249258e+02
1.321000000000248349e+02
1.322000000000247439e+02
1.323000000000246530e+02
1.324000000000245620e+02
1.325000000000244711e+02
1.326000000000243801e+02
1.327000000000242892e+02
1.328000000000241982e+02
1.329000000000241073e+02
1.330000000000240163e+02
1.331000000000239254e+02
1.332000000000238344e+02
1.333000000000237435e+02
1.334000000000236525e+02
1.335000000000235616e+02
1.336000000000234706e+02
1.337000000000233797e+02
1.338000000000232887e+02
1.339000000000231978e+02
1.340000000000231068e+02
1.341000000000230159e+02
1.342000000000229250e+02
1.343000000000228340e+02
1.344000000000227431e+02
1.345000000000226521e+02
1.346000000000225612e+02
1.347000000000224702e+02
1.348000000000223793e+02
1.349000000000222883e+02
1.350000000000221974e+02
1.351000000000221064e+02
1.352000000000220155e+02
1.353000000000219245e+02
1.354000000000218336e+02
1.355000000000217426e+02
1.356000000000216517e+02
1.357000000000215607e+02
1.358000000000214698e+02
1.359000000000213788e+02
1.360000000000212879e+02
1.361000000000211969e+02
1.362000000000211060e+02
1.363000000000210150e+02
1.364000000000209241e+02
1.365000000000208331e+02
1.366000000000207422e+02
1.367000000000206512e+02
1.368000000000205603e+02
1.369000000000204693e+02
1.370000000000203784e+02
1.371000000000202874e+02
1.372000000000201965e+02
1.373000000000201055e+02
1.374000000000200146e+02
1.375000000000199236e+02
1.376000000000198327e+02
1.377000000000197417e+02
1.378000000000196508e+02
1.379000000000195598e+02
1.380000000000194689e+02
1.381000000000193779e+02
1.382000000000192870e+02
1.383000000000191960e+02
1.384000000000191051e+02
1.385000000000190141e+02
1.386000000000189232e+02
1.387000000000188322e+02
1.388000000000187413e+02
1.389000000000186503e+02
1.390000000000185594e+02
1.391000000000184684e+02
1.392000000000183775e+02
1.393000000000182865e+02
1.394000000000181956e+02
1.395000000000181046e+02
1.396000000000180137e+02
1.397000000000179227e+02
1.398000000000178318e+02
1.399000000000177408e+02
1.400000000000176499e+02
1.401000000000175589e+02
1.402000000000174680e+02
1.403000000000173770e+02
1.404000000000172861e+02
1.405000000000171951e+02
1.406000000000171042e+02
1.407000000000170132e+02
1.408000000000169223e+02
1.409000000000168313e+02
1.410000000000167404e+02
1.411000000000166494e+02
1.412000000000165585e+02
1.413000000000164675e+02
1.414000000000163766e+02
1.415000000000162856e+02
1.416000000000161947e+02
1.417000000000161037e+02
1.418000000000160128e+02
1.419000000000159218e+02
1.420000000000158309e+02
1.421000000000157399e+02
1.422000000000156490e+02
1.423000000000155580e+02
1.424000000000154671e+02
1.425000000000153761e+02
1.426000000000152852e+02
1.427000000000151942e+02
1.428000000000151033e+02
1.429000000000150123e+02
1.430000000000149214e+02
1.431000000000148304e+02
1.432000000000147395e+02
1.433000000000146485e+02
1.434000000000145576e+02
1.435000000000144667e+02
1.436000000000143757e+02
1.437000000000142848e+02
1.438000000000141938e+02
1.439000000000141029e+02
1.440000000000140119e+02
1.441000000000139210e+02
1.442000000000138300e+02
1.443000000000137391e+02
1.444000000000136481e+02
1.445000000000135572e+02
1.446000000000134662e+02
1.447000000000133753e+02
1.448000000000132843e+02
1.449000000000131934e+02
1.450000000000131024e+02
1.451000000000130115e+02
1.452000000000129205e+02
1.453000000000128296e+02
1.454000000000127386e+02
1.455000000000126477e+02
1.456000000000125567e+02
1.457000000000124658e+02
1.458000000000123748e+02
1.459000000000122839e+02
1.460000000000121929e+02
1.461000000000121020e+02
1.462000000000120110e+02
1.463000000000119201e+02
1.464000000000118291e+02
1.465000000000117382e+02
1.466000000000116472e+02
1.467000000000115563e+02
1.468000000000114653e+02
1.469000000000113744e+02
1.470000000000112834e+02
1.471000000000111925e+02
1.472000000000111015e+02
1.473000000000110106e+02
1.474000000000109196e+02
1.475000000000108287e+02
1.476000000000107377e+02
1.477000000000106468e+02
1.478000000000105558e+02
1.479000000000104649e+02
1.480000000000103739e+02
1.481000000000102830e+02
1.482000000000101920e+02
1.483000000000101011e+02
1.484000000000100101e+02
1.485000000000099192e+02
1.486000000000098282e+02
1.487000000000097373e+02
1.488000000000096463e+02
1.489000000000095554e+02
1.490000000000094644e+02
1.491000000000093735e+02
1.492000000000092825e+02
1.493000000000091916e+02
1.494000000000091006e+02
1.495000000000090097e+02
1.496000000000089187e+02
1.497000000000088278e+02
1.498000000000087368e+02
1.499000000000086459e+02
1.500000000000085549e+02
1.501000000000084640e+02
1.502000000000083730e+02
1.503000000000082821e+02
1.504000000000081911e+02
1.505000000000081002e+02
1.506000000000080092e+02
1.507000000000079183e+02
1.508000000000078273e+02
1.509000000000077364e+02
1.510000000000076454e+02
1.511000000000075545e+02
1.512000000000074635e+02
1.513000000000073726e+02
1.514000000000072816e+02
1.515000000000071907e+02
1.516000000000070997e+02
1.517000000000070088e+02
1.518000000000069178e+02
1.519000000000068269e+02
1.520000000000067359e+02
1.521000000000066450e+02
1.522000000000065540e+02
1.523000000000064631e+02
1.524000000000063721e+02
1.525000000000062812e+02
1.526000000000061902e+02
1.527000000000060993e+02
1.528000000000060083e+02
1.529000000000059174e+02
1.530000000000058265e+02
1.531000000000057355e+02
1.532000000000056446e+02
1.533000000000055536e+02
1.534000000000054627e+02
1.535000000000053717e+02
1.536000000000052808e+02
1.537000000000051898e+02
1.538000000000050989e+02
1.539000000000050079e+02
1.540000000000049170e+02
1.541000000000048260e+02
1.542000000000047351e+02
1.543000000000046441e+02
1.544000000000045532e+02
1.545000000000044622e+02
1.546000000000043713e+02
1.547000000000042803e+02
1.548000000000041894e+02
1.549000000000040984e+02
1.550000000000040075e+02
1.551000000000039165e+02
1.552000000000038256e+02
1.553000000000037346e+02
1.554000000000036437e+02
1.555000000000035527e+02
1.556000000000034618e+02
1.557000000000033708e+02
1.558000000000032799e+02
1.559000000000031889e+02
1.560000000000030980e+02
1.561000000000030070e+02
1.562000000000029161e+02
1.563000000000028251e+02
1.564000000000027342e+02
1.565000000000026432e+02
1.566000000000025523e+02
1.567000000000024613e+02
1.568000000000023704e+02
1.569000000000022794e+02
1.570000000000021885e+02
1.571000000000020975e+02
1.572000000000020066e+02
1.573000000000019156e+02
1.574000000000018247e+02
1.575000000000017337e+02
1.576000000000016428e+02
1.577000000000015518e+02
1.578000000000014609e+02
1.579000000000013699e+02
1.580000000000012790e+02
1.581000000000011880e+02
1.582000000000010971e+02
1.583000000000010061e+02
1.584000000000009152e+02
1.585000000000008242e+02
1.586000000000007333e+02
1.587000000000006423e+02
1.588000000000005514e+02
1.589000000000004604e+02
1.590000000000003695e+02
1.591000000000002785e+02
1.592000000000001876e+02
1.593000000000000966e+02
1.594000000000000057e+02
1.594999999999999147e+02
1.595999999999998238e+02
1.596999999999997328e+02
1.597999999999996419e+02
1.598999999999995509e+02
1.599999999999994600e+02
1.600999999999993690e+02
1.601999999999992781e+02
1.602999999999991871e+02
1.603999999999990962e+02
1.604999999999990052e+02
1.605999999999989143e+02
1.606999999999988233e+02
1.607999999999987324e+02
1.608999999999986414e+02
1.609999999999985505e+02
1.610999999999984595e+02
1.611999999999983686e+02
1.612999999999982776e+02
1.613999999999981867e+02
1.614999999999980957e+02
1.615999999999980048e+02
1.616999999999979138e+02
1.617999999999978229e+02
1.618999999999977319e+02
1.619999999999976410e+02
1.620999999999975500e+02
1.621999999999974591e+02
1.622999999999973681e+02
1.623999999999972772e+02
1.624999999999971863e+02
1.625999999999970953e+02
1.626999999999970044e+02
1.627999999999969134e+02
1.628999999999968225e+02
1.629999999999967315e+02
1.630999999999966406e+02
1.631999999999965496e+02
1.632999999999964587e+02
1.633999999999963677e+02
1.634999999999962768e+02
1.635999999999961858e+02
1.636999999999960949e+02
1.637999999999960039e+02
1.638999999999959130e+02
1.639999999999958220e+02
1.640999999999957311e+02
1.641999999999956401e+02
1.642999999999955492e+02
1.643999999999954582e+02
1.644999999999953673e+02
1.645999999999952763e+02
1.646999999999951854e+02
1.647999999999950944e+02
1.648999999999950035e+02
1.649999999999949125e+02
1.650999999999948216e+02
1.651999999999947306e+02
1.652999999999946397e+02
1.653999999999945487e+02
1.654999999999944578e+02
1.655999999999943668e+02
1.656999999999942759e+02
1.657999999999941849e+02
1.658999999999940940e+02
1.659999999999940030e+02
1.660999999999939121e+02
1.661999999999938211e+02
1.662999999999937302e+02
1.663999999999936392e+02
1.664999999999935483e+02
1.665999999999934573e+02
1.666999999999933664e+02
1.667999999999932754e+02
1.668999999999931845e+02
1.669999999999930935e+02
1.670999999999930026e+02
1.671999999999929116e+02
1.672999999999928207e+02
1.673999999999927297e+02
1.674999999999926388e+02
1.675999999999925478e+02
1.676999999999924569e+02
1.677999999999923659e+02
1.678999999999922750e+02
1.679999999999921840e+02
1.680999999999920931e+02
1.681999999999920021e+02
1.682999999999919112e+02
1.683999999999918202e+02
1.684999999999917293e+02
1.685999999999916383e+02
1.686999999999915474e+02
1.687999999999914564e+02
1.688999999999913655e+02
1.689999999999912745e+02
1.690999999999911836e+02
1.691999999999910926e+02
1.692999999999910017e+02
1.693999999999909107e+02
1.694999999999908198e+02
1.695999999999907288e+02
1.696999999999906379e+02
1.697999999999905469e+02
1.698999999999904560e+02
1.699999999999903650e+02
1.700999999999902741e+02
1.701999999999901831e+02
1.702999999999900922e+02
1.703999999999900012e+02
1.704999999999899103e+02
1.705999999999898193e+02
1.706999999999897284e+02
1.707999999999896374e+02
1.708999999999895465e+02
1.709999999999894555e+02
1.710999999999893646e+02
1.711999999999892736e+02
1.712999999999891827e+02
1.713999999999890917e+02
1.714999999999890008e+02
1.715999999999889098e+02
1.716999999999888189e+02
1.717999999999887280e+02
1.718999999999886370e+02
1.719999999999885461e+02
1.720999999999884551e+02
1.721999999999883642e+02
1.722999999999882732e+02
1.723999999999881823e+02
1.724999999999880913e+02
1.725999999999880004e+02
1.726999999999879094e+02
1.727999999999878185e+02
1.728999999999877275e+02
1.729999999999876366e+02
1.730999999999875456e+02
1.731999999999874547e+02
1.732999999999873637e+02
1.733999999999872728e+02
1.734999999999871818e+02
1.735999999999870909e+02
1.736999999999869999e+02
1.737999999999869090e+02
1.738999999999868180e+02
1.739999999999867271e+02
1.740999999999866361e+02
1.741999999999865452e+02
1.742999999999864542e+02
1.743999999999863633e+02
1.744999999999862723e+02
1.745999999999861814e+02
1.746999999999860904e+02
1.747999999999859995e+02
1.748999999999859085e+02
1.749999999999858176e+02
1.750999999999857266e+02
1.751999999999856357e+02
1.752999999999855447e+02
1.753999999999854538e+02
1.754999999999853628e+02
1.755999999999852719e+02
1.756999999999851809e+02
1.757999999999850900e+02
1.758999999999849990e+02
1.759999999999849081e+02
1.760999999999848171e+02
1.761999999999847262e+02
1.762999999999846352e+02
1.763999999999845443e+02
1.764999999999844533e+02
1.765999999999843624e+02
1.766999999999842714e+02
1.767999999999841805e+02
1.768999999999840895e+02
1.769999999999839986e+02
1.770999999999839076e+02
1.771999999999838167e+02
1.772999999999837257e+02
1.773999999999836348e+02
1.774999999999835438e+02
1.775999999999834529e+02
1.776999999999833619e+02
1.777999999999832710e+02
1.778999999999831800e+02
1.779999999999830891e+02
1.780999999999829981e+02
1.781999999999829072e+02
1.782999999999828162e+02
1.783999999999827253e+02
1.784999999999826343e+02
1.785999999999825434e+02
1.786999999999824524e+02
1.787999999999823615e+02
1.788999999999822705e+02
1.789999999999821796e+02
1.790999999999820886e+02
1.791999999999819977e+02
1.792999999999819067e+02
1.793999999999818158e+02
1.794999999999817248e+02
1.795999999999816339e+02
1.796999999999815429e+02
1.797999999999814520e+02
1.798999999999813610e+02
1.799999999999812701e+02
1.800999999999811791e+02
1.801999999999810882e+02
1.802999999999809972e+02
1.803999999999809063e+02
1.804999999999808153e+02
1.805999999999807244e+02
1.806999999999806334e+02
1.807999999999805425e+02
1.808999999999804515e+02
1.809999999999803606e+02
1.810999999999802696e+02
1.811999999999801787e+02
1.812999999999800878e+02
1.813999999999799968e+02
1.814999999999799059e+02
1.815999999999798149e+02
1.816999999999797240e+02
1.817999999999796330e+02
1.818999999999795421e+02
1.819999999999794511e+02
1.820999999999793602e+02
1.821999999999792692e+02
1.822999999999791783e+02
1.823999999999790873e+02
1.824999999999789964e+02
1.825999999999789054e+02
1.826999999999788145e+02
1.827999999999787235e+02
1.828999999999786326e+02
1.829999999999785416e+02
1.830999999999784507e+02
1.831999999999783597e+02
1.832999999999782688e+02
1.833999999999781778e+02
1.834999999999780869e+02
1.835999999999779959e+02
1.836999999999779050e+02
1.837999999999778140e+02
1.838999999999777231e+02
1.839999999999776321e+02
1.840999999999775412e+02
1.841999999999774502e+02
1.842999999999773593e+02
1.843999999999772683e+02
1.844999999999771774e+02
1.845999999999770864e+02
1.846999999999769955e+02
1.847999999999769045e+02
1.848999999999768136e+02
1.849999999999767226e+02
1.850999999999766317e+02
1.851999999999765407e+02
1.852999999999764498e+02
1.853999999999763588e+02
1.854999999999762679e+02
1.855999999999761769e+02
1.856999999999760860e+02
1.857999999999759950e+02
1.858999999999759041e+02
1.859999999999758131e+02
1.860999999999757222e+02
1.861999999999756312e+02
1.862999999999755403e+02
1.863999999999754493e+02
1.864999999999753584e+02
1.865999999999752674e+02
1.866999999999751765e+02
1.867999999999750855e+02
1.868999999999749946e+02
1.869999999999749036e+02
1.870999999999748127e+02
1.871999999999747217e+02
1.872999999999746308e+02
1.873999999999745398e+02
1.874999999999744489e+02
1.875999999999743579e+02
1.876999999999742670e+02
1.877999999999741760e+02
1.878999999999740851e+02
1.879999999999739941e+02
1.880999999999739032e+02
1.881999999999738122e+02
1.882999999999737213e+02
1.883999999999736303e+02
1.884999999999735394e+02
1.885999999999734484e+02
1.886999999999733575e+02
1.887999999999732665e+02
1.888999999999731756e+02
1.889999999999730846e+02
1.890999999999729937e+02
1.891999999999729027e+02
1.892999999999728118e+02
1.893999999999727208e+02
1.894999999999726299e+02
1.895999999999725389e+02
1.896999999999724480e+02
1.897999999999723570e+02
1.898999999999722661e+02
1.899999999999721751e+02
1.900999999999720842e+02
1.901999999999719932e+02
1.902999999999719023e+02
1.903999999999718113e+02
1.904999999999717204e+02
1.905999999999716294e+02
1.906999999999715385e+02
1.907999999999714476e+02
1.908999999999713566e+02
1.909999999999712657e+02
1.910999999999711747e+02
1.911999999999710838e+02
1.912999999999709928e+02
1.913999999999709019e+02
1.914999999999708109e+02
1.915999999999707200e+02
1.916999999999706290e+02
1.917999999999705381e+02
1.918999999999704471e+02
1.919999999999703562e+02
1.920999999999702652e+02
1.921999999999701743e+02
1.922999999999700833e+02
1.923999999999699924e+02
1.924999999999699014e+02
1.925999999999698105e+02
1.926999999999697195e+02
1.927999999999696286e+02
1.928999999999695376e+02
1.929999999999694467e+02
1.930999999999693557e+02
1.931999999999692648e+02
1.932999999999691738e+02
1.933999999999690829e+02
1.934999999999689919e+02
1.935999999999689010e+02
1.936999999999688100e+02
1.937999999999687191e+02
1.938999999999686281e+02
1.939999999999685372e+02
1.940999999999684462e+02
1.941999999999683553e+02
1.942999999999682643e+02
1.943999999999681734e+02
1.944999999999680824e+02
1.945999999999679915e+02
1.946999999999679005e+02
1.947999999999678096e+02
1.948999999999677186e+02
1.949999999999676277e+02
1.950999999999675367e+02
1.951999999999674458e+02
1.952999999999673548e+02
1.953999999999672639e+02
1.954999999999671729e+02
1.955999999999670820e+02
1.956999999999669910e+02
1.957999999999669001e+02
1.958999999999668091e+02
1.959999999999667182e+02
1.960999999999666272e+02
1.961999999999665363e+02
1.962999999999664453e+02
1.963999999999663544e+02
1.964999999999662634e+02
1.965999999999661725e+02
1.966999999999660815e+02
1.967999999999659906e+02
1.968999999999658996e+02
1.969999999999658087e+02
1.970999999999657177e+02
1.971999999999656268e+02
1.972999999999655358e+02
1.973999999999654449e+02
1.974999999999653539e+02
1.975999999999652630e+02
1.976999999999651720e+02
1.977999999999650811e+02
1.978999999999649901e+02
1.979999999999648992e+02
1.980999999999648082e+02
1.981999999999647173e+02
1.982999999999646263e+02
1.983999999999645354e+02
1.984999999999644444e+02
1.985999999999643535e+02
1.986999999999642625e+02
1.987999999999641716e+02
1.988999999999640806e+02
1.989999999999639897e+02
1.990999999999638987e+02
1.991999999999638078e+02
1.992999999999637168e+02
1.993999999999636259e+02
1.994999999999635349e+02
1.995999999999634440e+02
1.996999999999633530e+02
1.997999999999632621e+02
1.998999999999631711e+02
1.999999999999630802e+02
2.000999999999629892e+02
2.001999999999628983e+02
2.002999999999628074e+02
2.003999999999627164e+02
2.004999999999626255e+02
2.005999999999625345e+02
2.006999999999624436e+02
2.007999999999623526e+02
2.008999999999622617e+02
2.009999999999621707e+02
2.010999999999620798e+02
2.011999999999619888e+02
2.012999999999618979e+02
2.013999999999618069e+02
2.014999999999617160e+02
2.015999999999616250e+02
2.016999999999615341e+02
2.017999999999614431e+02
2.018999999999613522e+02
2.019999999999612612e+02
2.020999999999611703e+02
2.021999999999610793e+02
2.022999999999609884e+02
2.023999999999608974e+02
2.024999999999608065e+02
2.025999999999607155e+02
2.026999999999606246e+02
2.027999999999605336e+02
2.028999999999604427e+02
2.029999999999603517e+02
2.030999999999602608e+02
2.031999999999601698e+02
2.032999999999600789e+02
2.033999999999599879e+02
2.034999999999598970e+02
2.035999999999598060e+02
2.036999999999597151e+02
2.037999999999596241e+02
2.038999999999595332e+02
2.039999999999594422e+02
2.040999999999593513e+02
2.041999999999592603e+02
2.042999999999591694e+02
2.043999999999590784e+02
2.044999999999589875e+02
2.045999999999588965e+02
2.046999999999588056e+02
2.047999999999587146e+02
2.048999999999586237e+02
2.049999999999585327e+02
2.050999999999584418e+02
2.051999999999583508e+02
2.052999999999582599e+02
2.053999999999581689e+02
2.054999999999580780e+02
2.055999999999579870e+02
2.056999999999578961e+02
2.057999999999578051e+02
2.058999999999577142e+02
2.059999999999576232e+02
2.060999999999575323e+02
2.061999999999574413e+02
2.062999999999573504e+02
2.063999999999572594e+02
2.064999999999571685e+02
2.065999999999570775e+02
2.066999999999569866e+02
2.067999999999568956e+02
2.068999999999568047e+02
2.069999999999567137e+02
2.070999999999566228e+02
2.071999999999565318e+02
2.072999999999564409e+02
2.073999999999563499e+02
2.074999999999562590e+02
2.075999999999561680e+02
2.076999999999560771e+02
2.077999999999559861e+02
2.078999999999558952e+02
2.079999999999558042e+02
2.080999999999557133e+02
2.081999999999556223e+02
2.082999999999555314e+02
2.083999999999554404e+02
2.084999999999553495e+02
2.085999999999552585e+02
2.086999999999551676e+02
2.087999999999550766e+02
2.088999999999549857e+02
2.089999999999548947e+02
2.090999999999548038e+02
2.091999999999547128e+02
2.092999999999546219e+02
2.093999999999545309e+02
2.094999999999544400e+02
2.095999999999543491e+02
2.096999999999542581e+02
2.097999999999541672e+02
2.098999999999540762e+02
2.099999999999539853e+02
2.100999999999538943e+02
2.101999999999538034e+02
2.102999999999537124e+02
2.103999999999536215e+02
2.104999999999535305e+02
2.105999999999534396e+02
2.106999999999533486e+02
2.107999999999532577e+02
2.108999999999531667e+02
2.109999999999530758e+02
2.110999999999529848e+02
2.111999999999528939e+02
2.112999999999528029e+02
2.113999999999527120e+02
2.114999999999526210e+02
2.115999999999525301e+02
2.116999999999524391e+02
2.117999999999523482e+02
2.118999999999522572e+02
2.119999999999521663e+02
2.120999999999520753e+02
2.121999999999519844e+02
2.122999999999518934e+02
2.123999999999518025e+02
2.124999999999517115e+02
2.125999999999516206e+02
2.126999999999515296e+02
2.127999999999514387e+02
2.128999999999513477e+02
2.129999999999512568e+02
2.130999999999511658e+02
2.131999999999510749e+02
2.132999999999509839e+02
2.133999999999508930e+02
2.134999999999508020e+02
2.135999999999507111e+02
2.136999999999506201e+02
2.137999999999505292e+02
2.138999999999504382e+02
2.139999999999503473e+02
2.140999999999502563e+02
2.141999999999501654e+02
2.142999999999500744e+02
2.143999999999499835e+02
2.144999999999498925e+02
2.145999999999498016e+02
2.146999999999497106e+02
2.147999999999496197e+02
2.148999999999495287e+02
2.149999999999494378e+02
2.150999999999493468e+02
2.151999999999492559e+02
2.152999999999491649e+02
2.153999999999490740e+02
2.154999999999489830e+02
2.155999999999488921e+02
2.156999999999488011e+02
2.157999999999487102e+02
2.158999999999486192e+02
2.159999999999485283e+02
2.160999999999484373e+02
2.161999999999483464e+02
2.162999999999482554e+02
2.163999999999481645e+02
2.164999999999480735e+02
2.165999999999479826e+02
2.166999999999478916e+02
2.167999999999478007e+02
2.168999999999477097e+02
2.169999999999476188e+02
2.170999999999475278e+02
2.171999999999474369e+02
2.172999999999473459e+02
2.173999999999472550e+02
2.174999999999471640e+02
2.175999999999470731e+02
2.176999999999469821e+02
2.177999999999468912e+02
2.178999999999468002e+02
2.179999999999467093e+02
2.180999999999466183e+02
2.181999999999465274e+02
2.182999999999464364e+02
2.183999999999463455e+02
2.184999999999462545e+02
2.185999999999461636e+02
2.186999999999460726e+02
2.187999999999459817e+02
2.188999999999458907e+02
2.189999999999457998e+02
2.190999999999457089e+02
2.191999999999456179e+02
2.192999999999455270e+02
2.193999999999454360e+02
2.194999999999453451e+02
2.195999999999452541e+02
2.196999999999451632e+02
2.197999999999450722e+02
2.198999999999449813e+02
2.199999999999448903e+02
2.200999999999447994e+02
2.201999999999447084e+02
2.202999999999446175e+02
2.203999999999445265e+02
2.204999999999444356e+02
2.205999999999443446e+02
2.206999999999442537e+02
2.207999999999441627e+02
2.208999999999440718e+02
2.209999999999439808e+02
2.210999999999438899e+02
2.211999999999437989e+02
2.212999999999437080e+02
2.213999999999436170e+02
2.214999999999435261e+02
2.215999999999434351e+02
2.216999999999433442e+02
2.217999999999432532e+02
2.218999999999431623e+02
2.219999999999430713e+02
2.220999999999429804e+02
2.221999999999428894e+02
2.222999999999427985e+02
2.223999999999427075e+02
2.224999999999426166e+02
2.225999999999425256e+02
2.226999999999424347e+02
2.227999999999423437e+02
2.228999999999422528e+02
2.229999999999421618e+02
2.230999999999420709e+02
2.231999999999419799e+02
2.232999999999418890e+02
2.233999999999417980e+02
2.234999999999417071e+02
2.235999999999416161e+02
2.236999999999415252e+02
2.237999999999414342e+02
2.238999999999413433e+02
2.239999999999412523e+02
2.240999999999411614e+02
2.241999999999410704e+02
2.242999999999409795e+02
2.243999999999408885e+02
2.244999999999407976e+02
2.245999999999407066e+02
2.246999999999406157e+02
2.247999999999405247e+02
2.248999999999404338e+02
2.249999999999403428e+02
2.250999999999402519e+02
2.251999999999401609e+02
2.252999999999400700e+02
2.253999999999399790e+02
2.254999999999398881e+02
2.255999999999397971e+02
2.256999999999397062e+02
2.257999999999396152e+02
2.258999999999395243e+02
2.259999999999394333e+02
2.260999999999393424e+02
2.261999999999392514e+02
2.262999999999391605e+02
2.263999999999390695e+02
2.264999999999389786e+02
2.265999999999388876e+02
2.266999999999387967e+02
2.267999999999387057e+02
2.268999999999386148e+02
2.269999999999385238e+02
2.270999999999384329e+02
2.271999999999383419e+02
2.272999999999382510e+02
2.273999999999381600e+02
2.274999999999380691e+02
2.275999999999379781e+02
2.276999999999378872e+02
2.277999999999377962e+02
2.278999999999377053e+02
2.279999999999376143e+02
2.280999999999375234e+02
2.281999999999374324e+02
2.282999999999373415e+02
2.283999999999372505e+02
2.284999999999371596e+02
2.285999999999370687e+02
2.286999999999369777e+02
2.287999999999368868e+02
2.288999999999367958e+02
2.289999999999367049e+02
2.290999999999366139e+02
2.291999999999365230e+02
2.292999999999364320e+02
2.293999999999363411e+02
2.294999999999362501e+02
2.295999999999361592e+02
2.296999999999360682e+02
2.297999999999359773e+02
2.298999999999358863e+02
2.299999999999357954e+02
2.300999999999357044e+02
2.301999999999356135e+02
2.302999999999355225e+02
2.303999999999354316e+02
2.304999999999353406e+02
2.305999999999352497e+02
2.306999999999351587e+02
2.307999999999350678e+02
2.308999999999349768e+02
2.309999999999348859e+02
2.310999999999347949e+02
2.311999999999347040e+02
2.312999999999346130e+02
2.313999999999345221e+02
2.314999999999344311e+02
2.315999999999343402e+02
2.316999999999342492e+02
2.317999999999341583e+02
2.318999999999340673e+02
2.319999999999339764e+02
2.320999999999338854e+02
2.321999999999337945e+02
2.322999999999337035e+02
2.323999999999336126e+02
2.324999999999335216e+02
2.325999999999334307e+02
2.326999999999333397e+02
2.327999999999332488e+02
2.328999999999331578e+02
2.329999999999330669e+02
2.330999999999329759e+02
2.331999999999328850e+02
2.332999999999327940e+02
2.333999999999327031e+02
2.334999999999326121e+02
2.335999999999325212e+02
2.336999999999324302e+02
2.337999999999323393e+02
2.338999999999322483e+02
2.339999999999321574e+02
2.340999999999320664e+02
2.341999999999319755e+02
2.342999999999318845e+02
2.343999999999317936e+02
2.344999999999317026e+02
2.345999999999316117e+02
2.346999999999315207e+02
2.347999999999314298e+02
2.348999999999313388e+02
2.349999999999312479e+02
2.350999999999311569e+02
2.351999999999310660e+02
2.352999999999309750e+02
2.353999999999308841e+02
2.354999999999307931e+02
2.355999999999307022e+02
2.356999999999306112e+02
2.357999999999305203e+02
2.358999999999304293e+02
2.359999999999303384e+02
2.360999999999302474e+02
2.361999999999301565e+02
2.362999999999300655e+02
2.363999999999299746e+02
2.364999999999298836e+02
2.365999999999297927e+02
2.366999999999297017e+02
2.367999999999296108e+02
2.368999999999295198e+02
2.369999999999294289e+02
2.370999999999293379e+02
2.371999999999292470e+02
2.372999999999291560e+02
2.373999999999290651e+02
2.374999999999289741e+02
2.375999999999288832e+02
2.376999999999287922e+02
2.377999999999287013e+02
2.378999999999286104e+02
2.379999999999285194e+02
2.380999999999284285e+02
2.381999999999283375e+02
2.382999999999282466e+02
2.383999999999281556e+02
2.384999999999280647e+02
2.385999999999279737e+02
2.386999999999278828e+02
2.387999999999277918e+02
2.388999999999277009e+02
2.389999999999276099e+02
2.390999999999275190e+02
2.391999999999274280e+02
2.392999999999273371e+02
2.393999999999272461e+02
2.394999999999271552e+02
2.395999999999270642e+02
2.396999999999269733e+02
2.397999999999268823e+02
2.398999999999267914e+02
2.399999999999267004e+02
2.400999999999266095e+02
2.401999999999265185e+02
2.402999999999264276e+02
2.403999999999263366e+02
2.404999999999262457e+02
2.405999999999261547e+02
2.406999999999260638e+02
2.407999999999259728e+02
2.408999999999258819e+02
2.409999999999257909e+02
2.410999999999257000e+02
2.411999999999256090e+02
2.412999999999255181e+02
2.413999999999254271e+02
2.414999999999253362e+02
2.415999999999252452e+02
2.416999999999251543e+02
2.417999999999250633e+02
2.418999999999249724e+02
2.419999999999248814e+02
2.420999999999247905e+02
2.421999999999246995e+02
2.422999999999246086e+02
2.423999999999245176e+02
2.424999999999244267e+02
2.425999999999243357e+02
2.426999999999242448e+02
2.427999999999241538e+02
2.428999999999240629e+02
2.429999999999239719e+02
2.430999999999238810e+02
2.431999999999237900e+02
2.432999999999236991e+02
2.433999999999236081e+02
2.434999999999235172e+02
2.435999999999234262e+02
2.436999999999233353e+02
2.437999999999232443e+02
2.438999999999231534e+02
2.439999999999230624e+02
2.440999999999229715e+02
2.441999999999228805e+02
2.442999999999227896e+02
2.443999999999226986e+02
2.444999999999226077e+02
2.445999999999225167e+02
2.446999999999224258e+02
2.447999999999223348e+02
2.448999999999222439e+02
2.449999999999221529e+02
2.450999999999220620e+02
2.451999999999219710e+02
2.452999999999218801e+02
2.453999999999217891e+02
2.454999999999216982e+02
2.455999999999216072e+02
2.456999999999215163e+02
2.457999999999214253e+02
2.458999999999213344e+02
2.459999999999212434e+02
2.460999999999211525e+02
2.461999999999210615e+02
2.462999999999209706e+02
2.463999999999208796e+02
2.464999999999207887e+02
2.465999999999206977e+02
2.466999999999206068e+02
2.467999999999205158e+02
2.468999999999204249e+02
2.469999999999203339e+02
2.470999999999202430e+02
2.471999999999201520e+02
2.472999999999200611e+02
2.473999999999199702e+02
2.474999999999198792e+02
2.475999999999197883e+02
2.476999999999196973e+02
2.477999999999196064e+02
2.478999999999195154e+02
2.479999999999194245e+02
2.480999999999193335e+02
2.481999999999192426e+02
2.482999999999191516e+02
2.483999999999190607e+02
2.484999999999189697e+02
2.485999999999188788e+02
2.486999999999187878e+02
2.487999999999186969e+02
2.488999999999186059e+02
2.489999999999185150e+02
2.490999999999184240e+02
2.491999999999183331e+02
2.492999999999182421e+02
2.493999999999181512e+02
2.494999999999180602e+02
2.495999999999179693e+02
2.496999999999178783e+02
2.497999999999177874e+02
2.498999999999176964e+02
2.499999999999176055e+02
2.500999999999175145e+02
2.501999999999174236e+02
2.502999999999173326e+02
2.503999999999172417e+02
2.504999999999171507e+02
2.505999999999170598e+02
2.506999999999169688e+02
2.507999999999168779e+02
2.508999999999167869e+02
2.509999999999166960e+02
2.510999999999166050e+02
2.511999999999165141e+02
2.512999999999164231e+02
2.513999999999163322e+02
2.514999999999162412e+02
2.515999999999161503e+02
2.516999999999160593e+02
2.517999999999159684e+02
2.518999999999158774e+02
2.519999999999157865e+02
2.520999999999156955e+02
2.521999999999156046e+02
2.522999999999155136e+02
2.523999999999154227e+02
2.524999999999153317e+02
2.525999999999152408e+02
2.526999999999151498e+02
2.527999999999150589e+02
2.528999999999149679e+02
2.529999999999148770e+02
2.530999999999147860e+02
2.531999999999146951e+02
2.532999999999146041e+02
2.533999999999145132e+02
2.534999999999144222e+02
2.535999999999143313e+02
2.536999999999142403e+02
2.537999999999141494e+02
2.538999999999140584e+02
2.539999999999139675e+02
2.540999999999138765e+02
2.541999999999137856e+02
2.542999999999136946e+02
2.543999999999136037e+02
2.544999999999135127e+02
2.545999999999134218e+02
2.546999999999133308e+02
2.547999999999132399e+02
2.548999999999131489e+02
2.549999999999130580e+02
2.550999999999129670e+02
2.551999999999128761e+02
2.552999999999127851e+02
2.553999999999126942e+02
2.554999999999126032e+02
2.555999999999125123e+02
2.556999999999124213e+02
2.557999999999123304e+02
2.558999999999122394e+02
2.559999999999121485e+02
2.560999999999120860e+02
2.561999999999119950e+02
2.562999999999119041e+02
2.563999999999118131e+02
2.564999999999117222e+02
2.565999999999116312e+02
2.566999999999115403e+02
2.567999999999114493e+02
2.568999999999113584e+02
2.569999999999112674e+02
2.570999999999111765e+02
2.571999999999110855e+02
2.572999999999109946e+02
2.573999999999109036e+02
2.574999999999108127e+02
2.575999999999107217e+02
2.576999999999106308e+02
2.577999999999105398e+02
2.578999999999104489e+02
2.579999999999103579e+02
2.580999999999102670e+02
2.581999999999101760e+02
2.582999999999100851e+02
2.583999999999099941e+02
2.584999999999099032e+02
2.585999999999098122e+02
2.586999999999097213e+02
2.587999999999096303e+02
2.588999999999095394e+02
2.589999999999094484e+02
2.590999999999093575e+02
2.591999999999092665e+02
2.592999999999091756e+02
2.593999999999090846e+02
2.594999999999089937e+02
2.595999999999089027e+02
2.596999999999088118e+02
2.597999999999087208e+02
2.598999999999086299e+02
2.599999999999085389e+02
2.600999999999084480e+02
2.601999999999083570e+02
2.602999999999082661e+02
2.603999999999081751e+02
2.604999999999080842e+02
2.605999999999079932e+02
2.606999999999079023e+02
2.607999999999078113e+02
2.608999999999077204e+02
2.609999999999076294e+02
2.610999999999075385e+02
2.611999999999074475e+02
2.612999999999073566e+02
2.613999999999072656e+02
2.614999999999071747e+02
2.615999999999070837e+02
2.616999999999069928e+02
2.617999999999069018e+02
2.618999999999068109e+02
2.619999999999067199e+02
2.620999999999066290e+02
2.621999999999065381e+02
2.622999999999064471e+02
2.623999999999063562e+02
2.624999999999062652e+02
2.625999999999061743e+02
2.626999999999060833e+02
2.627999999999059924e+02
2.628999999999059014e+02
2.629999999999058105e+02
2.630999999999057195e+02
2.631999999999056286e+02
2.632999999999055376e+02
2.633999999999054467e+02
2.634999999999053557e+02
2.635999999999052648e+02
2.636999999999051738e+02
2.637999999999050829e+02
2.638999999999049919e+02
2.639999999999049010e+02
2.640999999999048100e+02
2.641999999999047191e+02
2.642999999999046281e+02
2.643999999999045372e+02
2.644999999999044462e+02
2.645999999999043553e+02
2.646999999999042643e+02
2.647999999999041734e+02
2.648999999999040824e+02
2.649999999999039915e+02
2.650999999999039005e+02
2.651999999999038096e+02
2.652999999999037186e+02
2.653999999999036277e+02
2.654999999999035367e+02
2.655999999999034458e+02
2.656999999999033548e+02
2.657999999999032639e+02
2.658999999999031729e+02
2.659999999999030820e+02
2.660999999999029910e+02
2.661999999999029001e+02
2.662999999999028091e+02
2.663999999999027182e+02
2.664999999999026272e+02
2.665999999999025363e+02
2.666999999999024453e+02
2.667999999999023544e+02
2.668999999999022634e+02
2.669999999999021725e+02
2.670999999999020815e+02
2.671999999999019906e+02
2.672999999999018996e+02
2.673999999999018087e+02
2.674999999999017177e+02
2.675999999999016268e+02
2.676999999999015358e+02
2.677999999999014449e+02
2.678999999999013539e+02
2.679999999999012630e+02
2.680999999999011720e+02
2.681999999999010811e+02
2.682999999999009901e+02
2.683999999999008992e+02
2.684999999999008082e+02
2.685999999999007173e+02
2.686999999999006263e+02
2.687999999999005354e+02
2.688999999999004444e+02
2.689999999999003535e+02
2.690999999999002625e+02
2.691999999999001716e+02
2.692999999999000806e+02
2.693999999998999897e+02
2.694999999998998987e+02
2.695999999998998078e+02
2.696999999998997168e+02
2.697999999998996259e+02
2.698999999998995349e+02
2.699999999998994440e+02
2.700999999998993530e+02
2.701999999998992621e+02
2.702999999998991711e+02
2.703999999998990802e+02
2.704999999998989892e+02
2.705999999998988983e+02
2.706999999998988073e+02
2.707999999998987164e+02
2.708999999998986254e+02
2.709999999998985345e+02
2.710999999998984435e+02
2.711999999998983526e+02
2.712999999998982616e+02
2.713999999998981707e+02
2.714999999998980797e+02
2.715999999998979888e+02
2.716999999998978979e+02
2.717999999998978069e+02
2.718999999998977160e+02
2.719999999998976250e+02
2.720999999998975341e+02
2.721999999998974431e+02
2.722999999998973522e+02
2.723999999998972612e+02
2.724999999998971703e+02
2.725999999998970793e+02
2.726999999998969884e+02
2.727999999998968974e+02
2.728999999998968065e+02
2.729999999998967155e+02
2.730999999998966246e+02
2.731999999998965336e+02
2.732999999998964427e+02
2.733999999998963517e+02
2.734999999998962608e+02
2.735999999998961698e+02
2.736999999998960789e+02
2.737999999998959879e+02
2.738999999998958970e+02
2.739999999998958060e+02
2.740999999998957151e+02
2.741999999998956241e+02
2.742999999998955332e+02
2.743999999998954422e+02
2.744999999998953513e+02
2.745999999998952603e+02
2.746999999998951694e+02
2.747999999998950784e+02
2.748999999998949875e+02
2.749999999998948965e+02
2.750999999998948056e+02
2.751999999998947146e+02
2.752999999998946237e+02
2.753999999998945327e+02
2.754999999998944418e+02
2.755999999998943508e+02
2.756999999998942599e+02
2.757999999998941689e+02
2.758999999998940780e+02
2.759999999998939870e+02
2.760999999998938961e+02
2.761999999998938051e+02
2.762999999998937142e+02
2.763999999998936232e+02
2.764999999998935323e+02
2.765999999998934413e+02
2.766999999998933504e+02
2.767999999998932594e+02
2.768999999998931685e+02
2.769999999998930775e+02
2.770999999998929866e+02
2.771999999998928956e+02
2.772999999998928047e+02
2.773999999998927137e+02
2.774999999998926228e+02
2.775999999998925318e+02
2.776999999998924409e+02
2.777999999998923499e+02
2.778999999998922590e+02
2.779999999998921680e+02
2.780999999998920771e+02
2.781999999998919861e+02
2.782999999998918952e+02
2.783999999998918042e+02
2.784999999998917133e+02
2.785999999998916223e+02
2.786999999998915314e+02
2.787999999998914404e+02
2.788999999998913495e+02
2.789999999998912585e+02
2.790999999998911676e+02
2.791999999998910766e+02
2.792999999998909857e+02
2.793999999998908947e+02
2.794999999998908038e+02
2.795999999998907128e+02
2.796999999998906219e+02
2.797999999998905309e+02
2.798999999998904400e+02
2.799999999998903490e+02
2.800999999998902581e+02
2.801999999998901671e+02
2.802999999998900762e+02
2.803999999998899852e+02
2.804999999998898943e+02
2.805999999998898033e+02
2.806999999998897124e+02
2.807999999998896214e+02
2.808999999998895305e+02
2.809999999998894396e+02
2.810999999998893486e+02
2.811999999998892577e+02
2.812999999998891667e+02
2.813999999998890758e+02
2.814999999998889848e+02
2.815999999998888939e+02
2.816999999998888029e+02
2.817999999998887120e+02
2.818999999998886210e+02
2.819999999998885301e+02
2.820999999998884391e+02
2.821999999998883482e+02
2.822999999998882572e+02
2.823999999998881663e+02
2.824999999998880753e+02
2.825999999998879844e+02
2.826999999998878934e+02
2.827999999998878025e+02
2.828999999998877115e+02
2.829999999998876206e+02
2.830999999998875296e+02
2.831999999998874387e+02
2.832999999998873477e+02
2.833999999998872568e+02
2.834999999998871658e+02
2.835999999998870749e+02
2.836999999998869839e+02
2.837999999998868930e+02
2.838999999998868020e+02
2.839999999998867111e+02
2.840999999998866201e+02
2.841999999998865292e+02
2.842999999998864382e+02
2.843999999998863473e+02
2.844999999998862563e+02
2.845999999998861654e+02
2.846999999998860744e+02
2.847999999998859835e+02
2.848999999998858925e+02
2.849999999998858016e+02
2.850999999998857106e+02
2.851999999998856197e+02
2.852999999998855287e+02
2.853999999998854378e+02
2.854999999998853468e+02
2.855999999998852559e+02
2.856999999998851649e+02
2.857999999998850740e+02
2.858999999998849830e+02
2.859999999998848921e+02
2.860999999998848011e+02
2.861999999998847102e+02
2.862999999998846192e+02
2.863999999998845283e+02
2.864999999998844373e+02
2.865999999998843464e+02
2.866999999998842554e+02
2.867999999998841645e+02
2.868999999998840735e+02
2.869999999998839826e+02
2.870999999998838916e+02
2.871999999998838007e+02
2.872999999998837097e+02
2.873999999998836188e+02
2.874999999998835278e+02
2.875999999998834369e+02
2.876999999998833459e+02
2.877999999998832550e+02
2.878999999998831640e+02
2.879999999998830731e+02
2.880999999998829821e+02
2.881999999998828912e+02
2.882999999998828002e+02
2.883999999998827093e+02
2.884999999998826183e+02
2.885999999998825274e+02
2.886999999998824364e+02
2.887999999998823455e+02
2.888999999998822545e+02
2.889999999998821636e+02
2.890999999998820726e+02
2.891999999998819817e+02
2.892999999998818907e+02
2.893999999998817998e+02
2.894999999998817088e+02
2.895999999998816179e+02
2.896999999998815269e+02
2.897999999998814360e+02
2.898999999998813450e+02
2.899999999998812541e+02
2.900999999998811631e+02
2.901999999998810722e+02
2.902999999998809812e+02
2.903999999998808903e+02
2.904999999998807994e+02
2.905999999998807084e+02
2.906999999998806175e+02
2.907999999998805265e+02
2.908999999998804356e+02
2.909999999998803446e+02
2.910999999998802537e+02
2.911999999998801627e+02
2.912999999998800718e+02
2.913999999998799808e+02
2.914999999998798899e+02
2.915999999998797989e+02
2.916999999998797080e+02
2.917999999998796170e+02
2.918999999998795261e+02
2.919999999998794351e+02
2.920999999998793442e+02
2.921999999998792532e+02
2.922999999998791623e+02
2.923999999998790713e+02
2.924999999998789804e+02
2.925999999998788894e+02
2.926999999998787985e+02
2.927999999998787075e+02
2.928999999998786166e+02
2.929999999998785256e+02
2.930999999998784347e+02
2.931999999998783437e+02
2.932999999998782528e+02
2.933999999998781618e+02
2.934999999998780709e+02
2.935999999998779799e+02
2.936999999998778890e+02
2.937999999998777980e+02
2.938999999998777071e+02
2.939999999998776161e+02
2.940999999998775252e+02
2.941999999998774342e+02
2.942999999998773433e+02
2.943999999998772523e+02
2.944999999998771614e+02
2.945999999998770704e+02
2.946999999998769795e+02
2.947999999998768885e+02
2.948999999998767976e+02
2.949999999998767066e+02
2.950999999998766157e+02
2.951999999998765247e+02
2.952999999998764338e+02
2.953999999998763428e+02
2.954999999998762519e+02
2.955999999998761609e+02
2.956999999998760700e+02
2.957999999998759790e+02
2.958999999998758881e+02
2.959999999998757971e+02
2.960999999998757062e+02
2.961999999998756152e+02
2.962999999998755243e+02
2.963999999998754333e+02
2.964999999998753424e+02
2.965999999998752514e+02
2.966999999998751605e+02
2.967999999998750695e+02
2.968999999998749786e+02
2.969999999998748876e+02
2.970999999998747967e+02
2.971999999998747057e+02
2.972999999998746148e+02
2.973999999998745238e+02
2.974999999998744329e+02
2.975999999998743419e+02
2.976999999998742510e+02
2.977999999998741600e+02
2.978999999998740691e+02
2.979999999998739781e+02
2.980999999998738872e+02
2.981999999998737962e+02
2.982999999998737053e+02
2.983999999998736143e+02
2.984999999998735234e+02
2.985999999998734324e+02
2.986999999998733415e+02
2.987999999998732505e+02
2.988999999998731596e+02
2.989999999998730686e+02
2.990999999998729777e+02
2.991999999998728867e+02
2.992999999998727958e+02
2.993999999998727048e+02
2.994999999998726139e+02
2.995999999998725229e+02
2.996999999998724320e+02
2.997999999998723410e+02
2.998999999998722501e+02
2.999999999998721592e+02
