1.446769237518e-01 5.666706783813e-06 2.383658056715e-06 -6.302073597908e-02 -1.789973566702e-06 -1.989671090996e-06 7.438554428518e-03 9.097174142880e-07 -4.150679799864e-09 7.437212392688e-03 3.316400523090e-07 7.907375021432e-08 -4.826508462429e-02 -1.714076688586e-06 1.261881493519e-06 -4.826687276363e-02 -3.404019253139e-06 -1.730758071972e-06
1.099659948522e-05 6.938811540604e-01 3.052686224692e-05 -5.466361926665e-06 -1.371222585440e-01 3.191119685653e-05 -1.786407665350e-06 5.134423263371e-03 -3.461672738194e-02 -1.436567686142e-06 5.170751828700e-03 3.458534181118e-02 -1.059501187228e-06 -2.835144400597e-01 1.220344975591e-01 -1.247761247214e-06 -2.835496664047e-01 -1.220655441284e-01
5.488305419021e-07 -3.213420143311e-07 9.842322468758e-01 -5.936180400568e-07 6.981696287767e-07 -6.679515242577e-01 5.857378710061e-06 2.575140912086e-03 -1.285667996854e-02 -4.028170678794e-06 -2.575625432655e-03 -1.285501662642e-02 3.955390184274e-06 1.281105726957e-01 -1.452841758728e-01 -5.739810603700e-06 -1.281104683876e-01 -1.452848613262e-01
-6.302073597908e-02 -1.789973111954e-06 -1.989681322812e-06 1.446769237518e-01 5.666707238561e-06 2.383638275205e-06 -4.826687276363e-02 -3.404022436371e-06 -1.730755116114e-06 -4.826508462429e-02 -1.714074869597e-06 1.261881834580e-06 7.437212392688e-03 3.316364995953e-07 7.907519261607e-08 7.438554428518e-03 9.097220754484e-07 -4.148237309209e-09
-5.466361926665e-06 -1.371222585440e-01 3.191119321855e-05 1.099659948522e-05 6.938811540604e-01 3.052686588489e-05 -1.247761360901e-06 -2.835496664047e-01 -1.220655441284e-01 -1.059500959855e-06 -2.835144400597e-01 1.220344975591e-01 -1.436567572455e-06 5.170751828700e-03 3.458534181118e-02 -1.786407551663e-06 5.134423263371e-03 -3.461672738194e-02
-5.936179832133e-07 6.981685487517e-07 -6.679515242577e-01 5.488305419021e-07 -3.213409911496e-07 9.842322468758e-01 -5.739810603700e-06 -1.281104683876e-01 -1.452848613262e-01 3.955389729526e-06 1.281105726957e-01 -1.452841758728e-01 -4.028170224046e-06 -2.575625432655e-03 -1.285501662642e-02 5.857378710061e-06 2.575140912086e-03 -1.285667996854e-02
7.383801043034e-03 -1.315535769209e-08 -8.086380489658e-07 -4.821177572012e-02 -2.311084926987e-06 -4.634276137949e-06 3.177565708756e-02 4.782353698829e-06 2.688503855097e-06 4.188004881144e-03 -2.519721874705e-06 8.823124630908e-07 -9.924408048391e-03 -1.237084461536e-06 1.128235112446e-06 1.478871889412e-02 1.298702045460e-06 7.438616194122e-07
8.709675967111e-07 5.145290400833e-03 2.623954089358e-03 -3.842649221042e-06 -2.835245430470e-01 -1.280629336834e-01 4.312903911341e-06 2.932787239552e-01 1.402350366116e-01 -1.635779881326e-06 -1.804690435529e-02 -1.524262502789e-02 1.632286625863e-06 1.473677693866e-03 -3.637588524725e-04 -1.337728690487e-06 1.673760940321e-03 8.103326545097e-04
-2.113075652233e-06 -3.461555391550e-02 -1.287885662168e-02 5.348786658033e-07 -1.220535859466e-01 -1.453085243702e-01 2.591000338725e-06 1.402759701014e-01 1.505175977945e-01 1.160455440186e-06 1.521026995033e-02 1.217215880752e-02 -3.406229893699e-07 3.305702703074e-04 1.482485793531e-03 -1.832635803112e-06 8.523305878043e-04 -5.984868388623e-03
7.387015037239e-03 1.924503010287e-07 1.823197635531e-06 -4.821526259184e-02 -1.744939936543e-06 3.225764430681e-06 4.187583457679e-03 -2.265272314617e-06 -6.230910116756e-07 3.177178651094e-02 3.746122047232e-06 -2.412614321656e-06 1.479250378907e-02 1.393142952111e-06 -9.389027582074e-07 -9.923627600074e-03 -1.321499553342e-06 -1.074381998478e-06
6.960389669075e-07 5.144985858351e-03 -2.655871212482e-03 -3.254590637880e-06 -2.835246622562e-01 1.280324161053e-01 -1.533648969598e-06 -1.802917942405e-02 1.525784842670e-02 3.795262728090e-06 2.932611107826e-01 -1.402192413807e-01 -1.295702304560e-06 1.655812258832e-03 -7.941945223138e-04 1.592640273884e-06 1.491929520853e-03 3.790430782828e-04
1.519967668173e-06 3.461486101151e-02 -1.283171214163e-02 1.030120202472e-07 1.220538988709e-01 -1.452616751194e-01 -1.148250703409e-06 -1.523646432906e-02 1.214910019189e-02 -2.161338443329e-06 -1.402499973774e-01 1.504935324192e-01 1.414287453372e-06 -8.257991285063e-04 -6.008971948177e-03 2.723221541601e-07 -3.565051592886e-04 1.459726830944e-03
-4.821526259184e-02 -1.744940163917e-06 3.225766704418e-06 7.387015037239e-03 1.924499457573e-07 1.823189563765e-06 -9.923627600074e-03 -1.321502054452e-06 -1.074382794286e-06 1.479250378907e-02 1.393144657413e-06 -9.389037245455e-07 3.177178651094e-02 3.746122729353e-06 -2.412613866909e-06 4.187583457679e-03 -2.265272314617e-06 -6.230905569282e-07
-3.254590410506e-06 -2.835246622562e-01 1.280324161053e-01 6.960385690036e-07 5.144985858351e-03 -2.655871212482e-03 1.592640160197e-06 1.491929520853e-03 3.790430782828e-04 -1.295702190873e-06 1.655812258832e-03 -7.941945223138e-04 3.795262728090e-06 2.932611107826e-01 -1.402192413807e-01 -1.533648742225e-06 -1.802917942405e-02 1.525784842670e-02
1.030123186752e-07 1.220538988709e-01 -1.452616751194e-01 1.519967554486e-06 3.461486101151e-02 -1.283171214163e-02 2.723219836298e-07 -3.565051592886e-04 1.459726830944e-03 1.414287567059e-06 -8.257991285063e-04 -6.008971948177e-03 -2.161338670703e-06 -1.402499973774e-01 1.504935324192e-01 -1.148250703409e-06 -1.523646432906e-02 1.214910019189e-02
-4.821177572012e-02 -2.311085609108e-06 -4.634276137949e-06 7.383801043034e-03 -1.315574138516e-08 -8.086451543932e-07 1.478871889412e-02 1.298700908592e-06 7.438620741596e-07 -9.924408048391e-03 -1.237083779415e-06 1.128236931436e-06 4.188004881144e-03 -2.519727559047e-06 8.823139978631e-07 3.177565708756e-02 4.782353698829e-06 2.688504764592e-06
-3.842649221042e-06 -2.835245430470e-01 -1.280629336834e-01 8.709673693374e-07 5.145290400833e-03 2.623954089358e-03 -1.337728690487e-06 1.673760940321e-03 8.103326545097e-04 1.632286625863e-06 1.473677693866e-03 -3.637588524725e-04 -1.635779881326e-06 -1.804690435529e-02 -1.524262502789e-02 4.312903911341e-06 2.932787239552e-01 1.402350366116e-01
5.348789500204e-07 -1.220535859466e-01 -1.453085243702e-01 -2.113075879606e-06 -3.461555391550e-02 -1.287885662168e-02 -1.832635803112e-06 8.523305878043e-04 -5.984868388623e-03 -3.406229041047e-07 3.305702703074e-04 1.482485793531e-03 1.160455440186e-06 1.521026995033e-02 1.217215880752e-02 2.591000338725e-06 1.402759701014e-01 1.505175977945e-01
