8.73341121416139e-01 -2.43344705562772e-13 -2.17430730856726e-12 -5.76072620369789e-01 7.11631532089373e-13 5.19907465111518e-12 -1.35364974447580e-01 1.30371643403248e-01 4.44620127153213e-13 -1.35364974445941e-01 -1.30371643403539e-01 4.62748404850078e-14 -1.32692760751754e-02 3.92392417457691e-03 -1.95700379842717e-12 -1.32692760776535e-02 -3.92392417475425e-03 -1.55865851175897e-12
-2.43344705562772e-13 6.74250205194573e-01 -1.57589396609407e-12 7.11840643542180e-13 -1.19885061539567e-01 4.53426246553000e-13 1.24599381452078e-01 -2.81713794620343e-01 -4.98132893602063e-13 -1.24599381450553e-01 -2.81713794622506e-01 1.61071403958856e-12 -3.11063193162451e-02 4.53122279111700e-03 1.05936675337260e-12 3.11063193142515e-02 4.53122279672463e-03 -1.04948017981802e-12
-2.17430730856726e-12 -1.57589396609407e-12 1.04342430110063e-01 7.68500633469801e-13 -2.99447991476449e-13 -4.08442138348249e-02 -9.92843422760199e-13 4.26594326923738e-13 -3.55974779631853e-02 8.84992167200386e-13 1.48999908452001e-12 -3.55974779632097e-02 8.57293086756695e-13 6.18476640801727e-13 3.84836982556645e-03 6.56364843900579e-13 -6.59728094674959e-13 3.84836982559084e-03
-5.76072620369789e-01 7.11840643542180e-13 7.68500633469801e-13 8.73341121418901e-01 1.72450581249702e-12 -5.42168547752929e-12 -1.32692760787634e-02 -3.92392417631707e-03 7.74253732630262e-13 -1.32692760771594e-02 3.92392417465481e-03 -1.29476748192389e-13 -1.35364974444838e-01 -1.30371643400465e-01 1.55233868939948e-12 -1.35364974448350e-01 1.30371643399691e-01 2.45606917022213e-12
7.11631532089373e-13 -1.19885061539567e-01 -2.99447991476449e-13 1.72450581249702e-12 6.74250205198067e-01 4.52276261980483e-12 3.11063193137191e-02 4.53122279095947e-03 2.02613416034847e-12 -3.11063193154830e-02 4.53122279681337e-03 -2.82764217497259e-12 -1.24599381451971e-01 -2.81713794624946e-01 -4.13779147451266e-12 1.24599381451299e-01 -2.81713794621328e-01 7.15984860808396e-13
5.19907465111518e-12 4.53426246553000e-13 -4.08442138348249e-02 -5.42168547752929e-12 4.52276261980483e-12 1.04342430109884e-01 1.03395719964196e-12 -1.17116177712630e-12 3.84836982562796e-03 -4.11340204928790e-13 -7.56339558878676e-13 3.84836982557021e-03 -1.99743880564786e-13 -1.85105950306988e-12 -3.55974779631573e-02 -2.00262287734280e-13 -1.19762802728297e-12 -3.55974779630995e-02
-1.35364974447580e-01 1.24599381452078e-01 -9.92843422760199e-13 -1.32692760787634e-02 3.11063193137191e-02 1.03395719964196e-12 1.41455330111039e-01 -1.40250803282658e-01 3.35075166225759e-13 1.08957223500886e-02 -1.46706005498445e-02 1.95030691324968e-13 1.39378153865613e-03 4.16097810155370e-05 -3.55632054666640e-13 -5.11058347343973e-03 -8.25906714310432e-04 -2.15587579765849e-13
1.30371643403248e-01 -2.81713794620343e-01 4.26594326923738e-13 -3.92392417631707e-03 4.53122279095947e-03 -1.17116177712630e-12 -1.40250803282658e-01 2.89799552883704e-01 -4.25002616876135e-14 1.46706005511433e-02 -1.53349621422998e-02 -1.93113913774629e-14 -4.16097795738750e-05 1.25249106419173e-03 4.14783986788897e-13 -8.25906715842141e-04 1.46549002378724e-03 3.91595116478746e-13
4.44620127153213e-13 -4.98132893602064e-13 -3.55974779631853e-02 7.74253732630262e-13 2.02613416034847e-12 3.84836982562796e-03 3.35075166225759e-13 -4.25002616876135e-14 2.45678804185112e-02 -7.71637234185442e-13 -6.63124190748881e-13 2.02374007937647e-03 -1.12267175748507e-13 -6.84157045912549e-13 -8.69332634973257e-03 -6.70044616075285e-13 -1.38219768397367e-13 1.38508139894022e-02
-1.35364974445941e-01 -1.24599381450553e-01 8.84992167200386e-13 -1.32692760771594e-02 -3.11063193154830e-02 -4.11340204928790e-13 1.08957223500886e-02 1.46706005511433e-02 -7.71637234185442e-13 1.41455330109178e-01 1.40250803281194e-01 1.82609871215881e-13 -5.11058347586934e-03 8.25906715052516e-04 5.34811253049644e-13 1.39378153970351e-03 -4.16097813538251e-05 -4.19435852351679e-13
-1.30371643403539e-01 -2.81713794622505e-01 1.48999908452001e-12 3.92392417465481e-03 4.53122279681337e-03 -7.56339558878676e-13 -1.46706005498445e-02 -1.53349621422998e-02 -6.63124190748881e-13 1.40250803281194e-01 2.89799552884486e-01 -3.14014735683288e-13 8.25906714923935e-04 1.46549002508912e-03 2.96294427928214e-13 4.16097826102441e-05 1.25249105841690e-03 -5.28150271373801e-14
4.62748404850078e-14 1.61071403958856e-12 -3.55974779632097e-02 -1.29476748192389e-13 -2.82764217497259e-12 3.84836982557021e-03 1.95030691324968e-13 -1.93113913774629e-14 2.02374007937647e-03 1.82609871215881e-13 -3.14014735683288e-13 2.45678804185432e-02 -5.03694395794593e-13 6.29498745244822e-13 1.38508139894433e-02 2.09255740961126e-13 9.20755517199958e-13 -8.69332634972350e-03
-1.32692760751754e-02 -3.11063193162451e-02 8.57293086756695e-13 -1.35364974444838e-01 -1.24599381451971e-01 -1.99743880564786e-13 1.39378153865613e-03 -4.16097795738750e-05 -1.12267175748507e-13 -5.11058347586934e-03 8.25906714923935e-04 -5.03694395794593e-13 1.41455330107701e-01 1.40250803280201e-01 -2.16507427347448e-13 1.08957223495262e-02 1.46706005526655e-02 1.74919792698639e-13
3.92392417457691e-03 4.53122279111700e-03 6.18476640801727e-13 -1.30371643400465e-01 -2.81713794624946e-01 -1.85105950306988e-12 4.16097810155370e-05 1.25249106419173e-03 -6.84157045912549e-13 8.25906715052516e-04 1.46549002508912e-03 6.29498745244822e-13 1.40250803280201e-01 2.89799552884871e-01 1.30044847704662e-12 -1.46706005503809e-02 -1.53349621403229e-02 -1.32073141107483e-14
-1.95700379842717e-12 1.05936675337260e-12 3.84836982556645e-03 1.55233868939948e-12 -4.13779147451266e-12 -3.55974779631573e-02 -3.55632054666640e-13 4.14783986788897e-13 -8.69332634973257e-03 5.34811253049644e-13 2.96294427928214e-13 1.38508139894433e-02 -2.16507427347448e-13 1.30044847704662e-12 2.45678804185280e-02 4.41993337992135e-13 1.06689782937633e-12 2.02374007935215e-03
-1.32692760776535e-02 3.11063193142515e-02 6.56364843900579e-13 -1.35364974448350e-01 1.24599381451299e-01 -2.00262287734280e-13 -5.11058347343973e-03 -8.25906715842141e-04 -6.70044616075285e-13 1.39378153970351e-03 4.16097826102441e-05 2.09255740961126e-13 1.08957223495262e-02 -1.46706005503809e-02 4.41993337992135e-13 1.41455330110214e-01 -1.40250803281938e-01 -4.37307019044275e-13
-3.92392417475425e-03 4.53122279672463e-03 -6.59728094674959e-13 1.30371643399691e-01 -2.81713794621328e-01 -1.19762802728297e-12 -8.25906714310432e-04 1.46549002378724e-03 -1.38219768397367e-13 -4.16097813538251e-05 1.25249105841690e-03 9.20755517199958e-13 1.46706005526655e-02 -1.53349621403229e-02 1.06689782937633e-12 -1.40250803281938e-01 2.89799552882722e-01 7.92254377900811e-15
-1.55865851175897e-12 -1.04948017981802e-12 3.84836982559084e-03 2.45606917022213e-12 7.15984860808396e-13 -3.55974779630995e-02 -2.15587579765849e-13 3.91595116478746e-13 1.38508139894022e-02 -4.19435852351679e-13 -5.28150271373801e-14 -8.69332634972350e-03 1.74919792698639e-13 -1.32073141107483e-14 2.02374007935215e-03 -4.37307019044275e-13 7.92254377900811e-15 2.45678804184778e-02
