1.000000000000000666e+00
9.999917075811505240e-01
9.993835419531461595e-01
9.921791525100374098e-01
9.862665579640348401e-01
9.961136956431801970e-01
9.926150473164601085e-01
8.818643897441671431e-01
9.427145425627718733e-01
8.569152289292685243e-01
9.108442869584585377e-01
9.473957135612054437e-01
9.073844451176253934e-01
5.383036866079594640e-01
4.785726204858676280e-01
2.392433319546460879e-01
7.290234875354811850e-02
1.621182608181136880e-02
5.321433215276004033e-03
3.625219288236670480e-03
1.595564579548815025e-03
7.983922626596366440e-04
8.397459445367903928e-04
8.980903887852705134e-04
9.233092030948855059e-04
9.422884640931465097e-04
9.541109930246319086e-04
9.664736390473575942e-04
9.830212102012996639e-04
1.003991390019935486e-03
