-2.921780502229314624e+00 3.416106732851162953e-01
-2.443957784692378343e+00 3.495860728541465567e-01
-1.966134681032596809e+00 3.529633951258394631e-01
-1.488311772302963520e+00 3.575209070043640081e-01
-1.010488862590540826e+00 3.625239483073599001e-01
-5.326659983998616177e-01 3.682944853126614015e-01
-5.606770272569416846e-02 3.767917874715782101e-01
-5.237056812321080890e-02 5.328066930878208041e-01
2.495706825892174407e-01 8.801945501013319628e-01
5.432399996786370089e-01 1.250656913128914027e+00
8.368691659130984561e-01 1.622973643854033199e+00
1.130498324050305481e+00 1.995907154080188040e+00
