-1.999999972651043123e-01 -4.540015478787867709e-02
-1.999998055700626942e-01 -5.141335264898971857e-02
-1.999999999978636644e-01 -5.282847321276351593e-02
-1.999999994955197202e-01 -5.542378338336872989e-02
-1.999999999759640712e-01 -5.846462297844473577e-02
-1.999999999986491472e-01 -6.227290082558090134e-02
-1.999999998738202223e-01 -6.637369924511210550e-02
1.999999999998239575e-01 -6.272925920658750654e-02
1.999999999769203063e-01 -4.933695594620535196e-02
1.999999989716171322e-01 -4.295723740644574740e-02
1.999999887854404523e-01 -3.831183451125608208e-02
1.999999867368751350e-01 -3.428314303182311562e-02
