1.911291636927917992e+01 7.848806831676957696e-02
1.911291636927917992e+01 7.848806831676957696e-02
1.911291636927917992e+01 7.848806831676957696e-02
1.911291636927917992e+01 7.848806831676957696e-02
1.911291636927824200e+01 7.848806831676957696e-02
1.911289162468043656e+01 7.848806831676957696e-02
1.877544771765693099e+01 7.848806831676957696e-02
1.305716664188298815e+01 7.848806831676957696e-02
1.175627383171023865e+01 7.848806831676957696e-02
1.174516734455004929e+01 7.848806831676957696e-02
1.174516624311082857e+01 7.848806831676957696e-02
1.174516624359113059e+01 7.848806831676957696e-02
