0.000000000000000000e+00
2.895902128392331167e-03
8.392124364335278031e-03
2.750558054764832769e-02
8.617695632026170505e-02
9.501301102499633278e-02
3.204323832802145888e-02
1.658348322656698001e-02
9.197909449658089182e-03
3.486579064994647925e-02
4.349340604621011741e-02
4.903736489107338170e-02
1.414347110276116259e-01
7.090695227563841296e-01
7.625548915736209965e-01
8.183171118651908493e-01
9.005025387275755744e-01
8.911111404699084693e-01
8.697772845558831012e-01
8.639193706800605277e-01
8.453877995270199230e-01
8.242842016287736939e-01
8.324318748667359769e-01
8.226653038510898241e-01
8.241326807641818908e-01
8.262248691786409083e-01
8.257361282001428604e-01
8.159748545518420437e-01
8.027606292460827131e-01
8.038670514162066238e-01
