1.000000000000005995e+00
9.999992104953681071e-01
9.999717124741365204e-01
9.972632366456941622e-01
9.794221209073875611e-01
9.959667459817105328e-01
9.912879203118444282e-01
9.594701096051916345e-01
9.991975991491994780e-01
9.893814071537592181e-01
9.794126824835284184e-01
9.723196524030325305e-01
9.721561060896133366e-01
9.288634837705413982e-01
8.984157694736413236e-01
8.722444503623385526e-01
3.868354065634846961e-01
1.327696743233968690e-01
7.216528295947967353e-02
3.201519173670564627e-02
3.711766008658524268e-02
6.077319995870504588e-02
5.417254754852940390e-02
3.359380589162251629e-02
3.066597035045834710e-02
3.139402207004723944e-02
3.293852084822157522e-02
3.375668850975491880e-02
3.361484456683925398e-02
3.368104608674687278e-02
