0.000000000000000000e+00
7.895046364442712203e-07
2.828752586374031115e-05
2.736763354307323627e-03
2.057787909260704040e-02
4.033254018288860016e-03
8.712079688157235366e-03
4.052989039480582589e-02
8.024008508111055843e-04
1.061859284623950864e-02
2.058731751647403449e-02
2.768034759697259387e-02
2.784389391038770423e-02
7.113651622946039199e-02
1.015842305263590095e-01
1.277555496376592270e-01
6.131645934365141937e-01
8.672303256766031865e-01
9.278347170405205624e-01
9.679848082632941386e-01
9.628823399134149863e-01
9.392268000412954398e-01
9.458274524514718173e-01
9.664061941083774698e-01
9.693340296495425168e-01
9.686059779299498462e-01
9.670614791517782027e-01
9.662433114902448938e-01
9.663851554331625016e-01
9.663189539132548411e-01
