4.024760262135851363e+00 5.886563874059538293e-01
4.034816762595768935e+00 5.782063437670438288e-01
4.064968179349657262e+00 5.469596165054351200e-01
4.091216118443071537e+00 5.198610107052678009e-01
4.108380671049740585e+00 5.021916783621230840e-01
4.109545451204910549e+00 4.992858218597313602e-01
1.134270008202474145e+00 4.467694247908185479e-01
-4.950332378502722008e+00 4.467694231280437411e-01
-9.316119548071654322e+00 4.467694372717626039e-01
-9.565256057638016784e+00 4.467694425811993275e-01
-9.566562413094123585e+00 4.467693644884936921e-01
-9.566562017677380680e+00 4.408525523697975901e-01
