1.947477674688754234e+01 4.467694195600274698e-01
1.947477674688754234e+01 4.467694195600274698e-01
1.947477674688754234e+01 4.467694195600274698e-01
1.947477674688754234e+01 4.467694195600274698e-01
1.947477674688641258e+01 4.467694195600274698e-01
1.947474063180367665e+01 4.467694195600274698e-01
1.902087452560917313e+01 4.467694195600274698e-01
1.297287870170603696e+01 4.467694195600274698e-01
1.187591663018059762e+01 4.467694195600274698e-01
1.186860808615680085e+01 4.467694195600274698e-01
1.186860761633296768e+01 4.467694195600274698e-01
1.186860761649620244e+01 4.467694195600274698e-01
