9.999999999999988898e-01
9.998967684409532097e-01
9.990544955342604005e-01
9.955497009071393455e-01
9.889110325684252745e-01
9.902104835291980489e-01
9.355935496861604861e-01
8.682521071754962794e-01
9.744290714165040335e-01
9.720963570151525124e-01
8.785930275244293597e-01
7.793916919526635567e-01
2.749895044952866408e-01
3.104908692959201105e-02
1.853957120325984767e-02
1.231530741454266685e-02
7.927082594230163565e-03
5.986621677634895375e-03
5.473815296170247979e-03
5.387122343169481811e-03
5.156885294308097799e-03
4.905033669796834798e-03
4.680759633547745130e-03
4.548665910547827589e-03
4.536826929910192999e-03
4.593403766594702890e-03
4.625384782971039312e-03
4.578949957741695539e-03
4.475690307354762351e-03
4.357491986054389844e-03
