-2.444575573610927144e+00 -7.231247893469970878e-01
-1.920596483829284162e+00 -7.205847189186511681e-01
-1.396617413706721766e+00 -7.179416303351564554e-01
-8.726383435194120519e-01 -7.147571502843753644e-01
-3.486635561781574189e-01 -7.109587731454967141e-01
-6.778545127068588694e-02 -6.767710180621715477e-01
1.589809368745801754e-01 -3.822800459899448611e-01
5.258428894405267062e-01 -1.724454941772612243e-02
8.925250317886950224e-01 3.511768816953829142e-01
1.259207167454966969e+00 7.205072524380513599e-01
1.625889306125727352e+00 1.091292856123371013e+00
1.992571445737990166e+00 1.463057443481730058e+00
