-1.999999803371870222e-01 -5.004297131226431716e-02
-1.999999999755324165e-01 -5.328534144359198255e-02
-1.999999999547985574e-01 -5.663072973006855193e-02
-1.999999999991273203e-01 -6.051750948352552228e-02
-1.999999999952965513e-01 -6.501086320316906697e-02
2.934209380999825562e-02 -6.667775805303799430e-02
1.999999999421964436e-01 -5.880473795004798054e-02
1.999999998689806491e-01 -5.010591470443586520e-02
1.999999971132206955e-01 -4.422973719883199761e-02
1.999999999885504476e-01 -3.926240764467447963e-02
1.999999998594843564e-01 -3.575031103297576784e-02
1.999999987889149455e-01 -3.321719809431544768e-02
