3.433763754963827353e+00 4.066176684543438835e-01
3.455428828300739497e+00 3.805889651223291481e-01
3.472889911876023916e+00 3.596681097105666192e-01
3.480847366971559609e+00 3.501508586932013389e-01
3.432642173947321851e+00 3.456151801822014979e-01
-4.835033245619975162e-01 -2.809197652353695104e-02
-7.230971320685755543e+00 -2.809196685019055978e-02
-8.117510693145039369e+00 -2.809182160610058585e-02
-8.120590341251322286e+00 -2.809191756777703469e-02
-8.120288408958337811e+00 -1.454296281848308503e-01
-8.120353128863254000e+00 -1.321039987377328195e-01
-8.120410344744957598e+00 -1.187058137881205344e-01
