1.000000000000001554e+00
9.755469283693981586e-01
9.776756670031205854e-01
9.916033086709135080e-01
9.924257647348122546e-01
9.880599400717262615e-01
9.988360136111074095e-01
9.239824428960905500e-01
5.947216828674660727e-01
4.288111546989468170e-01
4.389115219043221994e-01
1.810785825553515305e-01
1.455995176577773165e-01
1.720132938347815332e-01
1.473557859026122796e-01
1.940815108197838437e-02
2.954066449755684415e-02
7.120552100738875012e-02
6.143822357751719393e-02
3.312211741002480531e-02
2.553183561837018764e-02
2.511082205505963186e-02
2.500502012169148608e-02
2.465937216894425327e-02
2.450651498658499433e-02
2.471514921492762654e-02
2.531922346246034614e-02
2.627395972550324033e-02
2.736019426754459499e-02
2.820791850481195462e-02
