-1.999987626383585848e-01 -6.188269380368893735e-02
-1.999999930791491742e-01 -5.849474850235147905e-02
-1.999999999982005061e-01 -6.235997751285049517e-02
-1.999999999941752815e-01 -6.621662070380263110e-02
-1.999999999909700676e-01 -7.023950173762871785e-02
-1.999999999894783720e-01 -7.452855408772562917e-02
-1.999999999965867692e-01 -7.731593594801799973e-02
1.999999999994298838e-01 -7.409392257531877135e-02
1.999999999999929612e-01 -6.487325220243977952e-02
1.999999999809164430e-01 -5.762996863343960996e-02
1.999999999993429256e-01 -5.166671059749328165e-02
1.999999996541392822e-01 -4.672565460821376249e-02
