1.923931096330510826e+01 -1.119530647644638055e+00
1.923931096330510826e+01 -1.119530647644638055e+00
1.923931096330510826e+01 -1.119530647644638055e+00
1.923931096330510826e+01 -1.119530647644638055e+00
1.923931096330417390e+01 -1.119530647644638055e+00
1.923928558814918688e+01 -1.119530647644638055e+00
1.891974560918404080e+01 -1.119530647644638055e+00
1.414551257821884533e+01 -1.119530647644638055e+00
1.337108762512371563e+01 -1.119530647644638055e+00
1.336925577710267810e+01 -1.119530647644638055e+00
1.336925599171703460e+01 -1.119530647644638055e+00
1.336925599171964940e+01 -1.119530647644638055e+00
