0.000000000000000000e+00
1.343039310085754647e-05
2.122401851387060025e-04
1.653848575724489647e-03
4.552656204344416799e-03
2.129897511719640313e-02
4.055993286881364596e-02
3.594479263802356078e-03
1.940334243188168717e-02
1.411298788550858357e-02
2.787523460406662532e-02
3.995816497770825204e-02
8.463682926325569178e-02
1.138970929989615716e-01
1.526052165420599127e-01
9.122609744608923821e-01
9.849867577164275190e-01
9.912486662343112931e-01
9.985363434096956592e-01
9.991484341641516664e-01
9.990788825585829036e-01
9.992907105911176258e-01
9.993126784936394724e-01
9.992464061353611982e-01
9.992538533452695049e-01
9.992414843373411681e-01
9.992063019775209165e-01
9.991734734820740815e-01
9.991713424795948262e-01
9.991927577413775019e-01
