1.000000000000000000e+00
9.999865696068993559e-01
9.997877598148614542e-01
9.983461514242756296e-01
9.954473437956552484e-01
9.787010248828035275e-01
9.594400671311862361e-01
9.964055207361974809e-01
9.805966575681186459e-01
9.858870121144913679e-01
9.721247653959333990e-01
9.600418350222916786e-01
9.153631707367443360e-01
8.861029070010375541e-01
8.473947834579401706e-01
8.773902553910759017e-02
1.501324228357260940e-02
8.751333765688405070e-03
1.463656590304778611e-03
8.515658358481897981e-04
9.211174414171447496e-04
7.092894088798304842e-04
6.873215063602235685e-04
7.535938646389484311e-04
7.461466547253573119e-04
7.585156626546735083e-04
7.936980224806849732e-04
8.265265179247931757e-04
8.286575204076487280e-04
8.072422586250993168e-04
