1.000000000000000444e+00
9.999915269395129869e-01
9.999889597424638232e-01
9.999060351372270894e-01
9.984423545387889343e-01
9.892458993289672264e-01
9.587787211718827862e-01
9.779916509330528473e-01
9.650328343142106080e-01
9.305474479540135624e-01
8.522732839829880724e-01
8.446470966520540635e-01
8.428597881035927442e-01
2.578044105799188190e-01
1.175123222719764021e-01
5.003621257877355344e-02
9.132087905764647850e-03
1.246303914667989954e-02
2.529847909635947467e-02
2.426419607879141266e-02
2.483216714160441790e-02
2.495839106705030619e-02
2.507636182110543205e-02
2.544651167607671002e-02
2.593301099994571590e-02
2.655826444560487748e-02
2.719362188174181613e-02
2.773603365605817675e-02
2.835942348303435029e-02
2.929566073676124691e-02
