1.732603984208123293e+01 -9.291954902897843205e-01
1.730674157942072355e+01 -9.054658798874278824e-01
1.729114455009096574e+01 -8.863358298517293177e-01
1.728427686527368579e+01 -8.779261954813865065e-01
1.730420162507277837e+01 -8.801443596787622559e-01
1.922669401936713385e+01 -4.495590127856690654e-01
2.102159320670270404e+01 -2.710948060453879926e-01
2.230701593170999431e+01 -4.306775958391859671e-01
2.231555381365867774e+01 -4.418242464381205159e-01
2.231530322467444094e+01 -4.543546529939365697e-01
2.231500735431276894e+01 -4.686607908623509067e-01
2.231469365965391916e+01 -4.833663576686184626e-01
