3.115269364697898169e+00 3.529368047028499378e-01
3.134567627358407549e+00 3.292071943004934997e-01
3.150164656688165365e+00 3.100771442647949350e-01
3.157032341440142886e+00 3.016675098944521238e-01
3.136419684555857401e+00 3.038856740918278732e-01
-3.508323750680162334e-01 -1.266996728012653173e-01
-6.413135831550993871e+00 -3.051638795415463901e-01
-7.810974374140895904e+00 -1.455810897477484156e-01
-7.819523921261774646e+00 -1.344344391488138668e-01
-7.819273331810036254e+00 -1.219040325929978130e-01
-7.818977461448364252e+00 -1.075978947245834760e-01
-7.818663766789514469e+00 -9.289232791831592007e-02
