2.044130920677913110e+01 -5.762586855869343827e-01
2.044130920677913110e+01 -5.762586855869343827e-01
2.044130920677913110e+01 -5.762586855869343827e-01
2.044130920671382867e+01 -5.762586855869343827e-01
2.044062130962863577e+01 -5.762586855869343827e-01
1.887586164429911761e+01 -5.762586855869343827e-01
1.460845737515171017e+01 -5.762586855869343827e-01
1.449604155756909840e+01 -5.762586855869343827e-01
1.449602989239690309e+01 -5.762586855869343827e-01
1.449602989286440469e+01 -5.762586855869343827e-01
1.449602989286440469e+01 -5.762586855869343827e-01
1.449602989286440469e+01 -5.762586855869343827e-01
