-2.640887228261090236e+00 -1.072216642608321502e+00
-2.129854498091611870e+00 -1.086623109747994587e+00
-1.618821767922132837e+00 -1.101029576887667671e+00
-1.107789037752732186e+00 -1.115436044027267926e+00
-5.967576893319426201e-01 -1.129840220370011306e+00
-9.345708600793416199e-02 -1.125020036632928599e+00
3.098315437828056407e-01 -8.667518899877200145e-01
6.726517198533789044e-01 -5.074998971784923096e-01
1.035052480250714613e+00 -1.469067917716276594e-01
1.397453227571437084e+00 2.136867410866681305e-01
1.759853974893046402e+00 5.742802739469946571e-01
2.122254722214657718e+00 9.348738068073211283e-01
