3.165886301944816239e+00 -1.756816533162288696e-01
3.247606107706285883e+00 -2.731338069457964757e-01
2.778363975663300067e+00 3.026300259238083878e-01
2.796038302940829112e+00 2.802093826645746244e-01
2.810603008095633015e+00 2.617783424300772488e-01
2.818193980031175272e+00 2.521883054314661976e-01
2.814856833444952855e+00 2.555306616867571989e-01
6.275285748366172811e-01 -5.726513078619777097e-02
-4.384334808720833365e+00 -3.749019825702017972e-01
-7.414760312013864763e+00 -1.285482033526943457e-01
-7.468642889844684163e+00 -1.133862750952626675e-01
-7.468127998784723331e+00 -1.014893015225959427e-01
