-6.968950256672101773e-03 1.878526804977231901e-02
-3.072092106470858397e-02 3.309169268631118044e-02
-1.999999857377052770e-01 -5.749490353136665899e-02
-1.999999969821679713e-01 -6.086960936281882173e-02
-1.999999998398529488e-01 -6.499639582602145804e-02
-1.999999999932293715e-01 -6.925879369629261983e-02
-1.999999999973895992e-01 -7.370509501801880692e-02
-1.999999999999886591e-01 -7.635808478106109742e-02
1.999999999910088422e-01 -7.365139717943836040e-02
1.999999999953212537e-01 -6.472029481429231179e-02
1.999999999447570342e-01 -5.741087166947464460e-02
1.999999999099066894e-01 -5.134895820502807795e-02
