-3.738337278151075083e+00 -7.845690939274417852e-01
-3.237057660450884278e+00 -8.120510618483489651e-01
-2.735778042750693917e+00 -8.395330297692563670e-01
-2.234498425050502224e+00 -8.670149976901632138e-01
-1.733218807350310975e+00 -8.944969656110705047e-01
-1.231939189650120614e+00 -9.219789335319777956e-01
-7.306596119072270579e-01 -9.494608433197423425e-01
-2.307739468245934011e-01 -9.735629041658305782e-01
2.015269364871978830e-01 -8.151390706682936083e-01
5.660621938858398927e-01 -4.744785354858556126e-01
9.283717526148776988e-01 -1.269674541301276938e-01
1.290680641596838818e+00 2.205505778309155562e-01
