2.005118470800762864e+01 -1.099278716836295189e+00
2.005118470800762864e+01 -1.099278716836295189e+00
2.005118470800762864e+01 -1.099278716836295189e+00
2.005118470800762864e+01 -1.099278716836295189e+00
2.005118470800762864e+01 -1.099278716836295189e+00
2.005118470800730535e+01 -1.099278716836295189e+00
2.005116181625083982e+01 -1.099278716836295189e+00
1.967004122598904914e+01 -1.099278716836295189e+00
1.497686987119480406e+01 -1.099278716836295189e+00
1.449268181664529465e+01 -1.099278716836295189e+00
1.449235554355572830e+01 -1.099278716836295189e+00
1.449235556076988374e+01 -1.099278716836295189e+00
