9.999999999999991118e-01
9.999982190037368657e-01
9.999774195622990192e-01
9.998818445141796074e-01
9.991423448936813667e-01
9.931961131590275604e-01
9.990159022480772366e-01
9.826187302021269776e-01
9.909713614153041750e-01
9.946435686972094903e-01
9.901131933618105840e-01
9.898034097433954237e-01
9.762556516639446791e-01
9.445532106871845635e-01
9.145914571580292529e-01
8.758065835178221459e-01
4.801177180484911267e-01
2.323010709801308360e-01
2.575820880344785180e-01
2.365357277365311983e-01
1.394573980832302385e-01
9.822970808278799759e-02
8.295956218242649116e-02
7.191937960627907411e-02
7.283906141989145155e-02
7.448194595499589565e-02
7.565380835992480124e-02
7.393455178407523642e-02
7.355881604010951202e-02
7.408524353934659024e-02
