-1.541831150217563673e+00 3.792507070298154481e-01
-1.042071915143866878e+00 3.742848357833268302e-01
-5.423127104003433452e-01 3.698862648087360983e-01
-4.382861218011555038e-02 3.675412580340141622e-01
-1.748649685684977584e-02 5.300150381234796093e-01
3.262494018317361744e-01 8.764416726526969015e-01
6.662008777186632091e-01 1.236445010783428833e+00
1.006148629104030245e+00 1.597674597238830652e+00
1.346096380814490567e+00 1.959919025861072361e+00
1.686044136012023964e+00 2.323057448504243894e+00
2.025991883987839692e+00 2.687284139873530542e+00
2.365939644602586878e+00 3.052757582652053880e+00
