-1.999999999686390417e-01 -5.854421670837328673e-02
-1.999999999946260321e-01 -6.215191986099327659e-02
-1.999999999995292210e-01 -6.632688214606530241e-02
-1.999999999967459197e-01 -6.975767317935765988e-02
1.999999999045018462e-01 -6.562224330683935625e-02
1.999999999906533765e-01 -5.493776964551999598e-02
1.999999999895876179e-01 -4.853382755464985543e-02
1.999999999843711240e-01 -4.333698953467868265e-02
1.999999998694086401e-01 -3.915499255603083206e-02
1.999999962673746357e-01 -3.586698959831258193e-02
1.999999998870602980e-01 -3.366725536670500674e-02
1.999999908678127269e-01 -3.271427254433634246e-02
