1.999036940190838507e+01 -3.429429759643473075e-01
1.999036940190817546e+01 -3.429429759643473075e-01
1.999035182449984660e+01 -3.429429759643473075e-01
1.963210475400831356e+01 -3.429429759643473075e-01
1.433606330682832386e+01 -3.429429759643473075e-01
1.359931567019215493e+01 -3.429429759643473075e-01
1.359790998498757020e+01 -3.429429759643473075e-01
1.359791006381935752e+01 -3.429429759643473075e-01
1.359791006381998812e+01 -3.429429759643473075e-01
1.359791006381998812e+01 -3.429429759643473075e-01
1.359791006381998812e+01 -3.429429759643473075e-01
1.359791006381998812e+01 -3.429429759643473075e-01
