0.000000000000000000e+00
4.511855773517906953e-05
6.309806462677508554e-04
6.186391590631291340e-04
1.640461649218707832e-03
2.961017930621482903e-04
2.050107233767247111e-03
9.291573284956809731e-02
1.008929081899572096e-02
8.079902301306667034e-03
4.269484805466888799e-02
5.474982338281730865e-02
1.951717347477864295e-01
5.613424253536967168e-01
5.792114271608292952e-01
6.542327135482702838e-01
8.634646809817050350e-01
8.990888380089389065e-01
9.449889721845354806e-01
9.523815188297299894e-01
9.597516297882220382e-01
9.417572094953271522e-01
9.364178238901245122e-01
9.351984440327447690e-01
9.329556448840952143e-01
9.314461442196024787e-01
9.318455931815948778e-01
9.327387967910275579e-01
9.321862577691811813e-01
9.302091026390653106e-01
