9.999999999999908962e-01
9.999548814422627441e-01
9.993690193537347888e-01
9.993813608409376492e-01
9.983595383507815058e-01
9.997038982069375024e-01
9.979498927662326935e-01
9.070842671504319998e-01
9.899107091810041004e-01
9.919200976986938256e-01
9.573051519453308345e-01
9.452501766171825803e-01
8.048282652522131819e-01
4.386575746463048375e-01
4.207885728391708158e-01
3.457672864517298272e-01
1.365353190182950482e-01
1.009111619910611074e-01
5.501102781546464426e-02
4.761848117027044081e-02
4.024837021177771201e-02
5.824279050467276453e-02
6.358217610987544621e-02
6.480155596725382938e-02
6.704435511590509100e-02
6.855385578039797922e-02
6.815440681840446990e-02
6.726120320897220617e-02
6.781374223081987340e-02
6.979089736093466168e-02
