-2.661791116484862219e+00 1.803835365729520301e-01
-2.172303337987904648e+00 2.126948756998107704e-01
-1.682868856247817124e+00 2.359543336111424028e-01
-1.193434097371288916e+00 2.588019156227497342e-01
-7.039995062857407060e-01 2.822117366052769860e-01
-2.146520549951004275e-01 3.071753615144452443e-01
-1.612166832147255424e-01 4.010351253097514945e-01
1.560474456328377335e-01 7.351078162882400679e-01
4.459861990008064936e-01 1.121335583588723761e+00
7.355666867640122675e-01 1.511864387483343286e+00
1.025146914308432189e+00 1.902712706145384569e+00
1.314727166236915101e+00 2.292659732131324013e+00
