1.957738368815080676e+01 8.034398405249297825e-01
1.957738368815080676e+01 8.034398405249297825e-01
1.957738368815080676e+01 8.034398405249297825e-01
1.957738368815080676e+01 8.034398405249297825e-01
1.957738355263773400e+01 8.034398405249297825e-01
1.954500496569797008e+01 8.034398405249297825e-01
1.504830944207501098e+01 8.034398405249297825e-01
1.166501436075609455e+01 8.034398405249297825e-01
1.158329260442240916e+01 8.034398405249297825e-01
1.158321011808920353e+01 8.034398405249297825e-01
1.158321012748005074e+01 8.034398405249297825e-01
1.158321012748034384e+01 8.034398405249297825e-01
