0.000000000000000000e+00
8.359790144116016619e-03
3.551932669908289264e-02
2.694635025000802903e-02
8.029444497230205091e-03
5.977039657535899823e-03
1.292172494636408507e-03
1.679854790091762917e-02
4.082735010073212933e-02
2.543904369750646724e-02
1.165993779255275059e-01
1.190088891838336493e-01
4.398065560426663856e-01
9.267755793186547297e-01
8.695412451391990594e-01
9.525077540776943907e-01
9.571720194318543706e-01
9.663615618885816883e-01
9.744129097859703936e-01
9.758513260165300185e-01
9.763647138820700233e-01
9.777409226385915808e-01
9.767968195106790930e-01
9.750642147885425493e-01
9.737667301230449324e-01
9.736610252219746187e-01
9.748083093213493200e-01
9.755895242609455842e-01
9.754989435028791345e-01
9.752869946666190559e-01
