1.000000000000001110e+00
9.916402098558878553e-01
9.644806733009163580e-01
9.730536497499917559e-01
9.919705555027726884e-01
9.940229603424641791e-01
9.987078275053635767e-01
9.832014520990814965e-01
9.591726498992687588e-01
9.745609563024936195e-01
8.834006220744725635e-01
8.809911108161648796e-01
5.601934439573328373e-01
7.322442068134621396e-02
1.304587548608004410e-01
4.749224592230529701e-02
4.282798056814571264e-02
3.363843811141902646e-02
2.558709021403047373e-02
2.414867398347036315e-02
2.363528611792901218e-02
2.225907736141125373e-02
2.320318048932004315e-02
2.493578521145444274e-02
2.623326987695451945e-02
2.633897477802427806e-02
2.519169067865283107e-02
2.441047573905571338e-02
2.450105649712027225e-02
2.471300533337981997e-02
