0.000000000000000000e+00
8.292418848107062615e-06
6.164580468560429839e-04
7.820847489963138333e-03
1.373344203596532642e-02
3.886304356819896694e-03
7.384952683539893273e-03
1.181356102558339255e-01
5.728545743722839034e-02
1.430847710707298104e-01
8.915571304154210064e-02
5.260428643879533350e-02
9.261555488237441236e-02
4.616963133920405915e-01
5.214273795141319834e-01
7.607566680453545782e-01
9.270976512464522701e-01
9.837881739181882912e-01
9.946785667847242163e-01
9.963747807117631083e-01
9.984044354204510974e-01
9.992016077373411242e-01
9.991602540554633816e-01
9.991019096112164766e-01
9.990766907969059751e-01
9.990577115359075000e-01
9.990458890069752185e-01
9.990335263609529948e-01
9.990169787897975606e-01
9.989960086099816117e-01
