-3.351119777270707534e+00 -1.095740738731020986e-01
-2.681960607259098683e+00 -7.502395866641087263e-02
-2.171238955599340326e+00 -9.054287391267856755e-02
-1.660518384404205516e+00 -1.059132666572098758e-01
-1.149797815903583542e+00 -1.212905110432247330e-01
-6.390772488567655341e-01 -1.363587145676777856e-01
-1.286722371473350279e-01 -1.511493965827859220e-01
-6.687766942594575159e-02 -4.438559309536901920e-02
3.059610640637082102e-01 2.863882065355274897e-01
6.730954899370498179e-01 6.345662167940364640e-01
1.040225208396191370e+00 9.841787728655293499e-01
1.407354927218113394e+00 1.334951195773187882e+00
