-4.156031259262027433e-02 9.774226013880421560e-04
-1.999989141093596601e-01 -5.300433420757652558e-02
-1.999999972742498855e-01 -5.691706056358217247e-02
-1.999999999745192270e-01 -6.097830942132412280e-02
-1.999999999802739570e-01 -6.503270663758244086e-02
-1.999999999958258501e-01 -6.939614284375328346e-02
-1.999999999996256161e-01 -7.334144576813861338e-02
1.999999999999857170e-01 -7.134778687763781990e-02
1.999999999984679033e-01 -6.232894330365473801e-02
1.999999999988855137e-01 -5.496681748152409952e-02
1.999999999706583154e-01 -4.901101597786272634e-02
1.999999997570629517e-01 -4.421508048779454469e-02
