3.640952454145264028e+00 -4.778898589588739809e-01
2.966524858197026049e+00 3.299630810126131797e-01
2.979650661760835817e+00 3.134807888026943656e-01
2.996117862507173157e+00 2.928477208671681487e-01
3.006768986380038200e+00 2.795286980556405121e-01
3.006984910176718984e+00 2.792283622266190646e-01
2.086002754362162648e+00 1.117769242282777853e-01
-2.902760150963812791e+00 -3.570948837578813984e-01
-7.482193799261080969e+00 -1.540472266692973768e-01
-7.619875432420201378e+00 -1.286616588832377728e-01
-7.619635609953300914e+00 -1.171513305999609678e-01
-7.619223203814760481e+00 -1.033605566360321637e-01
