2.042882273979472174e+01 -7.772656640909320069e-01
2.042882273979472174e+01 -7.772656640909320069e-01
2.042882273979472174e+01 -7.772656640909320069e-01
2.042882273979472174e+01 -7.772656640909320069e-01
2.042882273979472174e+01 -7.772656640909320069e-01
2.042882177835553748e+01 -7.772656640909320069e-01
2.032315741340708826e+01 -7.772656640909320069e-01
1.576648405508841044e+01 -7.772656640909320069e-01
1.468707764763938961e+01 -7.772656640909320069e-01
1.468518867032733155e+01 -7.772656640909320069e-01
1.468518874433292787e+01 -7.772656640909320069e-01
1.468518874433306642e+01 -7.772656640909320069e-01
