-2.617168854438923109e+00 -1.877228566586159886e-01
-2.081380693772956203e+00 -2.081477515600359540e-01
-1.545592588973219383e+00 -2.283595943594956545e-01
-1.009804484556387161e+00 -2.482964236383108925e-01
-4.740165491744383619e-01 -2.681340609513028217e-01
-3.445635006664116151e-03 -2.802925032631162217e-01
1.058669812681441447e-01 -5.583928549149710929e-02
5.122058928071917538e-01 2.845245181661636980e-01
9.182167824734979167e-01 6.278294395484020907e-01
1.324227676694258449e+00 9.724199277208670500e-01
1.730238570888799510e+00 1.318294885842880904e+00
2.136249465080150234e+00 1.665019727508216363e+00
