-1.999999434127293085e-01 -5.422680772016741368e-02
-1.999999996386652157e-01 -5.833651715114784864e-02
-1.999999999983714805e-01 -6.265927868408838197e-02
-1.999999999751751467e-01 -6.725705373767265627e-02
-1.999999999986636912e-01 -7.195374242759322581e-02
-1.386279362497493395e-01 -7.396369965103705146e-02
1.999999999990285660e-01 -7.073281086448460209e-02
1.999999999136581330e-01 -6.191193026239982800e-02
1.999999999979651388e-01 -5.475157955098086671e-02
1.999999998536605705e-01 -4.887667205590462416e-02
1.999999997356058934e-01 -4.428623451031898917e-02
1.999999996207404429e-01 -4.054568050805440471e-02
