2.143152417760118311e+01 -9.813841732960129072e-01
2.143152417760118311e+01 -9.813841732960129072e-01
2.143152417760118311e+01 -9.813841732960129072e-01
2.143152417760035888e+01 -9.813841732960129072e-01
2.143142721407835793e+01 -9.813841732960129072e-01
2.050627015298578826e+01 -9.813841732960129072e-01
1.633899864682282654e+01 -9.813841732960129072e-01
1.624043566178049858e+01 -9.813841732960129072e-01
1.624043576303922265e+01 -9.813841732960129072e-01
1.624043576305949443e+01 -9.813841732960129072e-01
1.624043576305949443e+01 -9.813841732960129072e-01
1.624043576305949443e+01 -9.813841732960129072e-01
