-2.817168797851652418e+00 -2.419496643787834023e-01
-2.281380693411621419e+00 -2.664842687111838027e-01
-1.745592588971590864e+00 -2.910188730435840365e-01
-1.209804484531562307e+00 -3.155534773759835487e-01
-6.740165491731020531e-01 -3.400878033788960475e-01
-1.420735712564134556e-01 -3.542562029141532731e-01
3.058669812671727106e-01 -1.265720963559817114e-01
7.122058927208498869e-01 2.226125879037638700e-01
1.118216782471463056e+00 5.730778599974212240e-01
1.524227676547919019e+00 9.235432556649624258e-01
1.930238570624405403e+00 1.274008651332561914e+00
2.336249464700890677e+00 1.624474047000161958e+00
