0.000000000000000000e+00
1.270438323510421992e-05
1.066164202642905148e-04
6.648918056089928898e-03
6.929807633923782892e-03
1.339290706742178073e-02
1.055938389787789040e-03
1.552947407908279905e-02
1.584331038118789656e-02
3.899506357570614243e-03
1.634879853155398605e-02
7.316108477159455337e-02
1.693769130456602434e-01
3.556303715320520142e-01
4.006167626040113561e-01
4.197198444569513742e-01
8.351710614650358355e-01
8.776556639971845319e-01
8.958785680366863069e-01
8.904499339589202478e-01
8.811259110607996270e-01
8.765884713646520110e-01
8.741347316515173382e-01
8.727831023464447391e-01
8.681388802572689301e-01
8.629558581231354664e-01
8.593825260879517369e-01
8.540682690889018769e-01
8.477537714749677766e-01
8.416788957032315110e-01
