1.000000000000003109e+00
9.999872956167619176e-01
9.998933835797387815e-01
9.933510819438948758e-01
9.930701923660760766e-01
9.866070929325786443e-01
9.989440616102092108e-01
9.844705259209203252e-01
9.841566896188116420e-01
9.961004936424295853e-01
9.836512014684466454e-01
9.268389152284071120e-01
8.306230869543413942e-01
6.443696284679483188e-01
5.993832373959885329e-01
5.802801555430464608e-01
1.648289385349638037e-01
1.223443360028151072e-01
1.041214319633132906e-01
1.095500660410792249e-01
1.188740889391995958e-01
1.234115286353492796e-01
1.258652683484836887e-01
1.272168976535542062e-01
1.318611197427318193e-01
1.370441418768650055e-01
1.406174739120482908e-01
1.459317309110988448e-01
1.522462285250327230e-01
1.583211042967683224e-01
