1.977225442581566384e+01 4.441224069954718412e-01
1.977225442581566384e+01 4.441224069954718412e-01
1.977225442581566384e+01 4.441224069954718412e-01
1.977225442581566384e+01 4.441224069954718412e-01
1.977225442581103465e+01 4.441224069954718412e-01
1.977215140047255559e+01 4.441224069954718412e-01
1.901386797485980651e+01 4.441224069954718412e-01
1.303009301015613630e+01 4.441224069954718412e-01
1.235612571667870441e+01 4.441224069954718412e-01
1.235388080131548172e+01 4.441224069954718412e-01
1.235388088290938136e+01 4.441224069954718412e-01
1.235388088291963271e+01 4.441224069954718412e-01
