-3.150518449804581511e+00 -8.095406334709475127e-01
-2.656212089159187162e+00 -7.984375732960609096e-01
-2.161905728513796365e+00 -7.873345131211744174e-01
-1.667599367868404014e+00 -7.762314529462872592e-01
-1.173293007223017437e+00 -7.651283927713965483e-01
-6.789868393472194841e-01 -7.540250700882704660e-01
-1.877408362217736770e-01 -7.366286903232184269e-01
2.077048389802188533e-01 -5.187346017317904234e-01
5.201930612800200748e-01 -1.399244720876809678e-01
8.290469599751467689e-01 2.461543487053144963e-01
1.137893981655247577e+00 6.322574045647695318e-01
1.446741003728217789e+00 1.018360464739623383e+00
