9.999999999999995559e-01
9.999198073102217865e-01
9.996205437644984926e-01
9.977202188110875225e-01
9.940445138429317984e-01
9.995764491913011751e-01
9.961239504112695542e-01
9.872349736211427640e-01
9.820590491122042076e-01
9.725916183249938562e-01
9.571393639115213237e-01
9.148802715732597957e-01
3.049593202427769434e-01
2.434658938487834628e-02
4.183779701316131527e-02
3.952716967604984200e-02
1.318512320802704696e-02
1.890909291601380535e-02
1.291574349668851707e-02
9.150735463750513804e-03
8.645485406807882148e-03
8.488549743412208276e-03
8.405131758793846913e-03
8.369408224092525841e-03
8.267957462004127053e-03
8.167463802243134577e-03
8.255514364017765838e-03
8.589379785954070340e-03
8.997411767180774067e-03
9.259811462480251748e-03
