0.000000000000000000e+00
8.019268977879371522e-05
3.794562355008870413e-04
2.279781188912137924e-03
5.955486157068011661e-03
4.235508086987527883e-04
3.876049588730462285e-03
1.276502637885753438e-02
1.794095088779636138e-02
2.740838167500575864e-02
4.286063608847803796e-02
8.511972842673916351e-02
6.950406797572228346e-01
9.756534106151217856e-01
9.581622029868388513e-01
9.604728303239504772e-01
9.868148767919735498e-01
9.810909070839874957e-01
9.870842565033124405e-01
9.908492645362501072e-01
9.913545145931930147e-01
9.915114502565895993e-01
9.915948682412076831e-01
9.916305917759065114e-01
9.917320425379928528e-01
9.918325361977663457e-01
9.917444856359866057e-01
9.914106202140462454e-01
9.910025882328199476e-01
9.907401885375228812e-01
