1.539265186298248267e+01 -4.254443749507233474e-02
1.684043221930487633e+01 -1.693646218956677441e+00
1.682069289032611792e+01 -1.668702277399246592e+00
1.680498453749111931e+01 -1.648906300457176233e+00
1.679446425934835929e+01 -1.635675156568689337e+00
1.679259275480699287e+01 -1.633325146867853350e+00
1.690927028372765761e+01 -1.614880723348803615e+00
1.762166399173038300e+01 -1.221866795089230351e+00
2.070004804241546026e+01 -1.183722994736254419e+00
2.142044795240029842e+01 -1.289780986836732479e+00
2.142356833354481438e+01 -1.299965552098189869e+00
2.142277415262288898e+01 -1.312995005713339491e+00
