4.067687307536711927e+00 -1.355456867098025597e+00
2.619906951214318269e+00 2.956449143635795362e-01
2.639646280193076677e+00 2.707009728061486875e-01
2.655354633028075284e+00 2.509049958640783284e-01
2.665874911170835304e+00 2.376738519755914325e-01
2.667746400094614501e+00 2.353238422747554459e-01
2.542664678582273297e+00 2.168794187557057107e-01
-7.700203204159699055e-01 -1.761345095038675534e-01
-6.675520588073784012e+00 -2.142783098568434852e-01
-7.433139873843989776e+00 -1.082203177563654251e-01
-7.436258379020742382e+00 -9.803575249490803500e-02
-7.435464197899831262e+00 -8.500629887975841292e-02
