-3.395922249816329064e+00 1.911651185808375675e-01
-2.909413770553351153e+00 1.562150859660101088e-01
-2.422905291290373686e+00 1.212650533511826362e-01
-1.936396812027394443e+00 8.631502073635512196e-02
-1.449888332764414534e+00 5.136498812152756610e-02
-9.633798535235547078e-01 1.641495553088000506e-02
-4.768923222855405708e-01 -1.849450922342264422e-02
-7.942329602272870173e-03 -6.023679771190497412e-03
3.638008247908554593e-01 2.724797776897461277e-01
7.136101829326635393e-01 6.119885018115207576e-01
1.063292921883265407e+00 9.520383314753323445e-01
1.412975670750966639e+00 1.292088298859831674e+00
