1.946033917051919460e+01 -1.398001304593097904e+00
1.946033917051919460e+01 -1.398001304593097904e+00
1.946033917051919460e+01 -1.398001304593097904e+00
1.946033917051919460e+01 -1.398001304593097904e+00
1.946033917051919460e+01 -1.398001304593097904e+00
1.946033915490160737e+01 -1.398001304593097904e+00
1.945193496230993091e+01 -1.398001304593097904e+00
1.685164367131441310e+01 -1.398001304593097904e+00
1.402452745434167625e+01 -1.398001304593097904e+00
1.398730807855630864e+01 -1.398001304593097904e+00
1.398730995452407200e+01 -1.398001304593097904e+00
1.398730995472305771e+01 -1.398001304593097904e+00
