3.827551903289709401e+00 1.547670024161718505e+00
4.014461064213657338e+00 1.347972969324088721e+00
4.014459894696216224e+00 1.347974203253239578e+00
4.014474806751108460e+00 1.347958469924475322e+00
4.014476034259535808e+00 1.347957174814844450e+00
4.014463716425776596e+00 1.347957026513913803e+00
3.310671665700926525e+00 1.347957030613918139e+00
-2.424597069228273227e+00 1.347957025390555064e+00
-9.642971496149744581e+00 1.347957028653585354e+00
-1.046911640948888333e+01 1.347957049799072715e+00
-1.048217828743097968e+01 1.347957026205769848e+00
-1.048219679495277745e+01 1.347938233421038134e+00
