-4.573752951358933672e-02 -2.932401192107775278e-03
-1.999922154209348157e-01 -6.523893162146524038e-02
-1.999995540808385819e-01 -4.887934425855045006e-02
-1.999999419456544025e-01 -4.924841452107669992e-02
-1.999999995666050800e-01 -5.113322262427305587e-02
-1.999999991017973322e-01 -5.428315072810901976e-02
-1.999999999481938406e-01 -5.909430394047210378e-02
1.999999996444285222e-01 -5.875276144656049748e-02
1.999999997481412828e-01 -4.269055423228318435e-02
1.999999998919308464e-01 -3.525569256140892449e-02
1.999999944422307108e-01 -3.089061755304367551e-02
1.999999922003659059e-01 -2.690830192676330057e-02
