9.999999999999997780e-01
9.999326930903285060e-01
9.999592298065360652e-01
9.986319943099497554e-01
9.881005443623308571e-01
9.924684514212798181e-01
8.811186061339246756e-01
9.739813372097463340e-01
9.635995568899931030e-01
7.355675718318345213e-01
7.235089411312459751e-01
6.217984041276649609e-01
5.768446165032519168e-01
7.072336192255612719e-01
1.316155155200914861e-01
3.402464927769009717e-02
5.540104716960987663e-02
2.705913195841338353e-02
2.719587289309766120e-03
2.646675408618125256e-03
1.734217788241396337e-03
2.047583824543015851e-03
2.250471240482544016e-03
2.298151165793445826e-03
2.390068093342205460e-03
2.499089519599266736e-03
2.584899003264962396e-03
2.623787481251570099e-03
2.649132839532836268e-03
2.699381689030295323e-03
