0.000000000000000000e+00
6.730690967113537042e-05
4.077019346380307389e-05
1.368005690050325086e-03
1.189945563766943437e-02
7.531548578720094304e-03
1.188813938660662761e-01
2.601866279025329132e-02
3.640044311000675825e-02
2.644324281681421640e-01
2.764910588687568005e-01
3.782015958723358717e-01
4.231553834967450856e-01
2.927663807744396163e-01
8.683844844799076812e-01
9.659753507223094449e-01
9.445989528303901928e-01
9.729408680415889688e-01
9.972804127106906780e-01
9.973533245913800416e-01
9.982657822117521063e-01
9.979524161754572686e-01
9.977495287595271600e-01
9.977018488342022096e-01
9.976099319066586979e-01
9.975009104803995719e-01
9.974151009967312520e-01
9.973762125187458638e-01
9.973508671604593978e-01
9.973006183109676126e-01
