9.999999999999975575e-01
9.999621122970956399e-01
9.995749458066301996e-01
9.951767823430911486e-01
9.937264108986519906e-01
9.981330317984834499e-01
9.798693042377354390e-01
9.959879555287058928e-01
9.927802040103951287e-01
9.992010405252230720e-01
9.815480036583187351e-01
9.040798510878574890e-01
9.013978352715661391e-01
9.048223034170134182e-01
7.920812655848614714e-01
2.491004400515704764e-02
7.929667794413647330e-03
1.541368262859540983e-02
3.029548252581709678e-02
7.844264683136037419e-02
5.224392925986101610e-02
4.747509969605890473e-02
4.592325267196626509e-02
4.603817248965139108e-02
4.703553961554000906e-02
4.858056250982564772e-02
5.223309273070039782e-02
5.732288043371372432e-02
6.062269018356469807e-02
6.117288628237360637e-02
