-3.329368002592703490e+00 1.876920919436321222e-01
-2.709413913943349517e+00 2.132552647342673413e-01
-2.222905293387136272e+00 1.837725852534833337e-01
-1.736396812610155660e+00 1.527246004467920915e-01
-1.249888332824103498e+00 1.220825515509577353e-01
-7.633798535314756384e-01 9.150968877923559841e-02
-2.768923222857309074e-01 6.095165628646566358e-02
-1.056169113127814058e-01 7.357746699011269431e-02
1.638008247936914019e-01 3.458030254047224639e-01
5.136101829453744161e-01 6.767524380877993906e-01
8.632929218832783302e-01 1.009896669615163445e+00
1.212975670751447632e+00 1.344162439608420190e+00
