-6.655424722362557333e-02 3.473026637205445244e-03
-1.999998566100016362e-01 -5.704017876825723254e-02
-1.999999979032374142e-01 -6.250753190230069756e-02
-1.999999994172387829e-01 -6.640957971043696950e-02
-1.999999999403110351e-01 -7.071756342943016915e-02
-1.999999999920790694e-01 -7.509473324835559682e-02
-1.999999999998096634e-01 -7.944616550988831127e-02
9.767458171050853732e-02 -7.960114676130319866e-02
1.999999999971640574e-01 -7.332324771497633620e-02
1.999999999872891232e-01 -6.476393627627863303e-02
1.999999999999870770e-01 -5.785833813983110030e-02
1.999999999995190070e-01 -5.207414074858851549e-02
