0.000000000000000000e+00
5.008344088478041594e-04
4.115696406130049147e-03
7.663227435047482994e-02
1.246146715682439586e-02
2.337869213498677476e-02
1.201258692373186748e-02
4.679221325643310829e-03
1.406946873622957894e-03
1.083169195849041340e-03
3.407749792661266767e-03
9.337561437308773693e-03
1.343354968890017945e-02
1.293357150441096226e-02
2.139197246888346546e-02
1.883765463593226053e-01
4.568123617383690327e-01
9.619452067124600880e-01
9.401932418761439481e-01
9.007141485320108165e-01
9.127243247336214171e-01
9.478531784273571681e-01
9.358509596659791985e-01
9.290393735295559008e-01
9.277447741889378596e-01
9.255065684410294091e-01
9.229158366335666885e-01
9.189786503865819967e-01
9.155803282360508444e-01
9.146081088535995551e-01
