9.999999999999866773e-01
9.994991655911518169e-01
9.958843035938571564e-01
9.233677256495127494e-01
9.875385328431962595e-01
9.766213078650015644e-01
9.879874130762681395e-01
9.953207786743569763e-01
9.985930531263835785e-01
9.989168308041557198e-01
9.965922502073345512e-01
9.906624385626958684e-01
9.865664503110997963e-01
9.870664284955885659e-01
9.786080275311170862e-01
8.116234536406758959e-01
5.431876382616314114e-01
3.805479328754020341e-02
5.980675812385227719e-02
9.928585146798656058e-02
8.727567526638613238e-02
5.214682157264699525e-02
6.414904033402418770e-02
7.096062647043066551e-02
7.225522581106125219e-02
7.449343155897492075e-02
7.708416336644874356e-02
8.102134961341256325e-02
8.441967176395037686e-02
8.539189114639056388e-02
