-3.173191449575242906e+00 -6.501240586717599301e-01
-2.544563439152816464e+00 -6.126386244043958706e-01
-2.076629635632917470e+00 -6.057372742876860894e-01
-1.608697330989995899e+00 -5.983616210260255253e-01
-1.140765042226658421e+00 -5.904910262509958097e-01
-6.728327541212975049e-01 -5.818931809302320124e-01
-2.050089144765481486e-01 -5.722382079978068914e-01
-1.495503722531754953e-01 -4.967060970250288254e-01
1.323958737826748944e-01 -1.828502373413087301e-01
4.058065348075544088e-01 1.872230872104579391e-01
6.786495024703746992e-01 5.629508674180897509e-01
9.514917920088037384e-01 9.389717712362894986e-01
