-3.212494197328418899e+00 -6.675002329072091678e-01
-2.744561908548015516e+00 -6.623099490499304576e-01
-2.276629619767614798e+00 -6.571196651926518584e-01
-1.808697330987212748e+00 -6.519293813353728151e-01
-1.340765042206812252e+00 -6.467390974780941049e-01
-8.728327540385178995e-01 -6.415488129695772201e-01
-4.050089144752197501e-01 -6.361726391905404565e-01
2.892783799275590664e-02 -5.605261318747866151e-01
3.323958722704069557e-01 -2.339570008683619362e-01
6.058065336328007922e-01 1.450259299831096194e-01
8.786495014441922935e-01 5.252128109068220363e-01
1.151491789012982103e+00 9.054030938504407100e-01
