-2.129903502100629620e+00 1.999041776241063106e-01
-1.602495399216086858e+00 2.034200703215653938e-01
-1.075087309131606661e+00 2.073624050827081733e-01
-5.476792429512197247e-01 2.118608019987014979e-01
-2.188852598437271424e-02 2.194404201802446774e-01
2.345173791074842140e-02 4.149484484751344571e-01
3.959656157451612035e-01 7.743956063972635695e-01
7.665839076534698426e-01 1.143338529237900580e+00
1.137201741377301900e+00 1.513163655753967163e+00
1.507819571826491734e+00 1.884208184360618876e+00
1.878437403896253688e+00 2.256767556408561859e+00
2.249055263732271381e+00 2.630650415237613782e+00
