3.452428475822724607e+00 3.893043582768017097e-01
3.471958438489277654e+00 3.657671443805153855e-01
3.484188800561344834e+00 3.510597928379365351e-01
3.483439062374817041e+00 3.511990806026553114e-01
8.248249980658854952e-01 9.424887442659663980e-03
-5.222484719303965406e+00 9.424848838753835042e-03
-8.053817736376339909e+00 9.424890510822596032e-03
-8.089356551210350688e+00 9.424982926507990272e-03
-8.089364340371213657e+00 7.239599484553072353e-03
-8.088893329828531265e+00 -1.375108479472863798e-01
-8.088976921756350080e+00 -1.238392005572283017e-01
-8.089053638106543431e+00 -1.099216700468901298e-01
