2.109632360067603685e+01 9.424847361904164708e-03
2.109632360067603685e+01 9.424847361904164708e-03
2.109632360067599421e+01 9.424847361904164708e-03
2.109630891323832458e+01 9.424847361904164708e-03
2.063647555349065854e+01 9.424847361904164708e-03
1.525984049333369619e+01 9.424847361904164708e-03
1.482492955506913113e+01 9.424847361904164708e-03
1.482471328315407888e+01 9.424847361904164708e-03
1.482471328706397351e+01 9.424847361904164708e-03
1.482471328706397351e+01 9.424847361904164708e-03
1.482471328706397351e+01 9.424847361904164708e-03
1.482471328706397351e+01 9.424847361904164708e-03
