1.463853128403799175e+01 -2.998807034127752291e-01
1.472446357266064076e+01 -3.859561385274031253e-01
1.469567954934883502e+01 -3.570116413859856785e-01
1.466793655108094363e+01 -3.292214650646878016e-01
1.464755712356629047e+01 -3.088742501036481625e-01
1.464010633065191591e+01 -3.014346895032699036e-01
1.506370171664776869e+01 -1.824954896707904894e-01
1.539116442048902478e+01 -2.909711443601941102e-10
1.955677115919842279e+01 -1.257855636324949421e-08
2.071258386138929097e+01 -9.350026803588747526e-09
2.074550858183418001e+01 -1.773620198152551891e-08
2.074560446187814833e+01 1.064765489301509444e-06
