-3.930274775317599278e-02 -1.737617423544923767e-02
-1.999984693951990522e-01 -4.967132464553458693e-02
-1.999999841346973284e-01 -5.138239090496576900e-02
-1.999999999972168485e-01 -5.356776030934728983e-02
-1.999999999801538308e-01 -5.624807122709829521e-02
-1.999999999172203946e-01 -5.965563203934520775e-02
-1.999999999986716015e-01 -6.393443119273356512e-02
1.784782102459314124e-01 -6.382003484975778962e-02
1.999999984877320613e-01 -5.110676352705320613e-02
1.999999988252463834e-01 -4.219715722734831975e-02
1.999999989738175943e-01 -3.773805651126771465e-02
1.999999970041783648e-01 -3.356867738584878857e-02
