4.078760267178076049e+00 5.074920577039271352e-01
3.992827978555427038e+00 5.935674928185550314e-01
4.021612001867232777e+00 5.646229956771375846e-01
4.049355000135124172e+00 5.368328193558397077e-01
4.069734427649777331e+00 5.164856043948000686e-01
4.077184838557128543e+00 5.090460437944217542e-01
3.615725787087511023e+00 3.901068439619423955e-01
-8.966742902176818575e-01 2.076113545821230422e-01
-8.524786819352208056e+00 2.076113668697082693e-01
-9.798655270855178401e+00 2.076113636411787144e-01
-9.831817126261263695e+00 2.076113720273538854e-01
-9.831912951469380602e+00 2.076102895256626002e-01
