1.871729155121606780e+01 2.076113542911519061e-01
1.871729155121606780e+01 2.076113542911519061e-01
1.871729155121606780e+01 2.076113542911519061e-01
1.871729155121606780e+01 2.076113542911519061e-01
1.871729155121606780e+01 2.076113542911519061e-01
1.871729116920904445e+01 2.076113542911519061e-01
1.867942750373527971e+01 2.076113542911519061e-01
1.449449013027134292e+01 2.076113542911519061e-01
1.103198433984621474e+01 2.076113542911519061e-01
1.091392859053411257e+01 2.076113542911519061e-01
1.091369145557291631e+01 2.076113542911519061e-01
1.091369151040876773e+01 2.076113542911519061e-01
