2.918355575940164925e+00 3.126911620104402267e-01
2.927033548538545915e+00 3.014704457363186485e-01
2.944010770755951967e+00 2.795603452981290094e-01
2.954598810210256943e+00 2.659236685078079088e-01
2.955166484384015746e+00 2.651801115988789981e-01
2.124924741436906572e+00 1.177221344949199722e-01
-2.956018799442691858e+00 -3.458105844314358635e-01
-7.311872591766832130e+00 -1.445350339835463904e-01
-7.408809490660921426e+00 -1.246654115069218971e-01
-7.408521587247729911e+00 -1.129913709932798271e-01
-7.408128585832841395e+00 -9.900304934223402853e-02
-7.407678917090787962e+00 -8.336003201686703612e-02
