-1.999994365940338525e-01 -5.109645454810785026e-02
-1.999999999172823451e-01 -5.585678073678768119e-02
-1.999999999457979794e-01 -5.994627592481260869e-02
-1.999999999837871467e-01 -6.415617614881236053e-02
-1.999999999807664519e-01 -6.860213202476550531e-02
-1.999999999986598886e-01 -7.266493699750681268e-02
1.999999999928353256e-01 -7.103428913536435907e-02
1.999999999997802425e-01 -6.224569291930726056e-02
1.999999999969782616e-01 -5.483125611489092499e-02
1.999999999999719780e-01 -4.880248112633367441e-02
1.999999998752994834e-01 -4.396294305489290011e-02
1.999999996570283045e-01 -4.059833156159609047e-02
