2.095592290460111329e+01 -7.462283082854428429e-01
2.095592290460111329e+01 -7.462283082854428429e-01
2.095592290460111329e+01 -7.462283082854428429e-01
2.095592290460111329e+01 -7.462283082854428429e-01
2.095592242349306389e+01 -7.462283082854428429e-01
2.086417901805438291e+01 -7.462283082854428429e-01
1.635837286836574123e+01 -7.462283082854428429e-01
1.538079329861692557e+01 -7.462283082854428429e-01
1.537977741457482850e+01 -7.462283082854428429e-01
1.537977743766832361e+01 -7.462283082854428429e-01
1.537977743766833072e+01 -7.462283082854428429e-01
1.537977743766833072e+01 -7.462283082854428429e-01
