0.000000000000000000e+00
3.310190629004516622e-03
2.177926374024637124e-02
3.118709179175222640e-02
4.700762645644612769e-02
3.235222245540445019e-02
1.789218837074819241e-02
3.338789508962997088e-02
4.407277001256894311e-02
2.434311334830149831e-02
6.111386496605160368e-02
1.001251366990885128e-01
2.228918112251085937e-01
4.690682306957707493e-01
4.983945215083616653e-01
6.719234984317077330e-01
8.132860250029432247e-01
8.579149125573510837e-01
9.103514114771252830e-01
9.055051143172471173e-01
9.163158909880416703e-01
9.211955079292541981e-01
9.212247955103894936e-01
9.215637185277097965e-01
9.206241880826223634e-01
9.196507619199804084e-01
9.172043735338212267e-01
9.143354617814718477e-01
9.121071271334776354e-01
9.104651348882984996e-01
