0.000000000000000000e+00
4.009315527209720599e-04
3.506303134185196485e-04
6.685624392863987256e-03
1.273273841095630757e-02
8.154849402344992865e-03
5.295901333389236784e-03
1.235758997460776644e-02
4.281151457529552840e-03
1.136053843422553562e-02
2.724907328337038137e-02
4.272233546168274776e-02
1.024896442605037761e-01
2.148760982985074008e-01
2.629149271851744518e-01
3.995613696324529229e-01
6.000624091670316851e-01
6.964483725882733012e-01
7.529641905229828014e-01
7.491722812288400535e-01
7.589966098276234030e-01
7.605353079090326762e-01
7.576133776954619981e-01
7.558329571416931847e-01
7.534741813548185840e-01
7.515792815786045411e-01
7.482254800634046132e-01
7.443935162729768962e-01
7.409994488811720847e-01
7.380864861675483501e-01
