nan
nan
1.122449506779823736e+01
1.136008036830877010e+01
3.931570383497223098e+00
3.566215322264040921e+00
4.800656847783808523e+00
1.852934165610358619e+00
2.222835672373083327e+00
1.093081831170509588e+01
1.073179635364711970e+01
1.321414469235662636e+01
9.676332445823904393e+00
4.267831606808853095e+00
4.850258773615356844e-01
7.114023633295260218e+00
9.284981815169949471e+00
1.253237455734232064e+00
-2.119698608947029328e-02
-1.992413706625322245e+00
-4.595316453115212418e+00
-5.233475359681189154e+00
-4.392168764774684320e+00
-4.752700677393625561e+00
-4.785187694198516084e+00
-4.272395525263628535e+00
-5.355156346261563449e+00
-6.949498965104613291e+00
-5.998606344348539565e+00
-5.141028364998369682e+00
