nan
nan
1.980092626634694142e+01
1.852460222677063584e+01
1.906200195837443090e+01
1.989131720900033784e+01
1.344888996082365651e+01
1.280374119410098643e+01
2.180327087048477352e+01
1.628477812037574068e+01
1.349001374443039047e+01
1.641362814584597629e+01
2.248129595315845819e+01
2.523125798795527075e+01
2.240602322293943871e+01
1.303107480286960929e+01
2.526939292161505790e+01
3.118457269985153602e+01
3.104881262579551660e+01
4.223070108192283811e+01
4.351591727512925445e+01
3.167920382450873973e+01
2.700727777645968786e+01
2.019617350323655458e+01
2.284676817403689952e+01
2.982335565691396795e+01
3.284443619154562555e+01
3.879698402212927277e+01
3.285603670769972950e+01
2.989991811438005698e+01
