nan
nan
1.480964442332390263e+01
1.299152270761487316e+01
1.330253679091092955e+01
1.355708852414322863e+01
5.183241916324614174e+00
3.437496948893511650e+00
9.559341061376068538e+00
8.583123564587777921e+00
3.310768894392142059e+00
7.665446518284557698e+00
7.591886605846616121e+00
1.446089035705203329e+01
7.219744439402604463e+00
-5.987990510689655821e-01
4.221204197635088917e+00
7.255388300968171222e+00
8.453435896799778249e+00
2.517329030863009365e+01
2.644456773494525237e+01
1.731547298825058334e+01
1.080364885169632849e+01
6.489229097586768802e+00
7.662080878448899846e+00
1.381447890033409998e+01
1.920217057561758622e+01
2.062577907707733971e+01
2.005884873263040546e+01
1.553967140896056698e+01
