9.999999999999934497e-01
9.966898093709932738e-01
9.782207362597616918e-01
9.688129082082469479e-01
9.529923735435492649e-01
9.676477775445954110e-01
9.821078116292516480e-01
9.666121049103700846e-01
9.559272299874309597e-01
9.756568866516980298e-01
9.388861350339482437e-01
8.998748633009118203e-01
7.771081887748916284e-01
5.309317693042295838e-01
5.016054784916377240e-01
3.280765015682918229e-01
1.867139749970566642e-01
1.420850874426487775e-01
8.964858852287445334e-02
9.449488568275254963e-02
8.368410901195885709e-02
7.880449207074560758e-02
7.877520448961058963e-02
7.843628147228932923e-02
7.937581191737755337e-02
8.034923808001785683e-02
8.279562646618052191e-02
8.566453821852822170e-02
8.789287286652121278e-02
8.953486511170083428e-02
