1.000000000000000888e+00
9.981444389091345126e-01
9.889350529731733008e-01
9.810636419076903536e-01
9.701298175662937950e-01
9.797464640711247563e-01
9.884059551479310590e-01
9.771272574678810940e-01
9.758230392649508422e-01
9.821481741087362272e-01
9.558185308752887854e-01
9.285762639196148971e-01
8.373092722571943147e-01
6.580278355028612580e-01
6.193452756532313863e-01
4.642575659679189504e-01
2.933257829150125451e-01
2.228183574271877521e-01
1.683421989999458468e-01
1.726613022269562203e-01
1.623437495921679630e-01
1.591345920808563130e-01
1.605809133970743929e-01
1.613016621652978155e-01
1.629508152812793043e-01
1.643849782507059987e-01
1.672850732013884123e-01
1.706355109727756558e-01
1.734467119926744461e-01
1.757241894720761866e-01
