7.795851975604215056e+01
5.555321248338073303e+01
3.512392029686580486e+01
2.604543130255113681e+01
2.795146828661687266e+01
1.685607980052247967e+01
2.860578639377180110e+01
5.022261504727245551e+01
3.435494279945135077e+01
1.295255515503745869e+01
1.061338061414796030e+01
1.275345105885696029e+01
1.356801861224141348e+01
1.423786955072263183e+01
1.801190883808330057e+01
2.089935739705472173e+01
2.014228497070885737e+01
1.987192115574138285e+01
1.674560225087758525e+01
1.908933259327201171e+01
2.133077084394233225e+01
2.059284725687533069e+01
2.208697980602822852e+01
2.227437715498437854e+01
1.746366396073492666e+01
1.215659551624209200e+01
1.763551950354778342e+01
2.371752501271046043e+01
1.975956043586525368e+01
1.879842053057535267e+01
