-9.291628197730150696e-01
-1.878848545471350162e+00
-6.349635717475356600e+00
-5.620670622324536403e+00
1.317397153796351805e+00
-2.512725417207297696e-01
3.726411418301976752e+00
1.945403082980814879e+00
6.298884282599791717e+00
1.616587246040595005e+01
1.431103878252164918e+01
1.076992756976607346e+01
7.023874093807625840e+00
5.311271888427465449e+00
6.579260717973211214e+00
3.993795381792176080e+00
3.179766400951074878e+00
4.669261346603820861e+00
6.430104272701083090e+00
1.384894180978543687e+01
1.541347956276076481e+01
1.459420624789477117e+01
1.086425919990102429e+01
8.430726590090866779e+00
8.037173262366938076e+00
1.253306853742252791e+01
8.087921163597215468e+00
5.244426112243470328e+00
7.074856458297859696e+00
8.425899676746702482e+00
