5.583830766333245776e+01
4.533557197736877242e+01
2.203433958816712845e+01
1.750642983070616765e+01
1.620876661628577153e+01
3.592982310622379494e+00
1.403736830286145043e+01
3.913063810733154924e+01
1.889896541135139429e+01
3.219268705744518400e+00
2.882146936595619824e+00
5.948753076035668386e+00
7.995672942225195534e+00
8.594452739462887791e+00
1.121011680136313871e+01
1.124939154778996198e+01
1.275719780662090308e+01
1.001182570641545766e+01
9.753459503218440574e+00
9.624039211380521763e+00
1.027151148180129780e+01
1.165070566430163268e+01
1.191349328482354863e+01
1.244928721309932484e+01
5.608528334783778213e+00
2.764623210169246725e+00
9.408700968497431205e+00
1.352698814110866010e+01
1.058060271640762551e+01
5.251507651049617031e+00
