9.999999999999815703e-01
9.995702872692433516e-01
9.967625821265914121e-01
9.780241406498255685e-01
9.594309238307234811e-01
9.633102516062062026e-01
9.491471390571704081e-01
9.551237158520544668e-01
9.900406738954397046e-01
9.845095303530266850e-01
9.801582692655916862e-01
9.667530731256682719e-01
8.980568372465361771e-01
7.810783290315421734e-01
6.384135951634791750e-01
5.834080251498894309e-01
3.990154308518703008e-01
3.717615696978252560e-01
2.925930997748185103e-01
2.897578195934756851e-01
2.893306587643288408e-01
2.833325803116765185e-01
2.870658530324597391e-01
2.885034830464195399e-01
2.878778176890539608e-01
2.828612729461609243e-01
2.946629822571616986e-01
3.053901398157776170e-01
3.133659691447021611e-01
3.210049572473276935e-01
