1.601302303146062300e+01 -1.997130002983624197e-01
1.582611387053667507e+01 -1.594546073280081916e-05
1.582611504005411618e+01 -1.717938988346851684e-05
1.582610012799922394e+01 -1.446061119315907399e-06
1.582609890049079659e+01 -1.509514883320343043e-07
1.582611092995744073e+01 -2.650557864253142241e-09
1.647504646736935641e+01 -6.750562161422746940e-09
1.693400501750668496e+01 -1.527199042639594053e-09
2.103476264137524154e+01 -4.790229249673734820e-09
2.179216536658729453e+01 -2.593571669317975899e-08
2.180515063882485194e+01 -2.342413755110886309e-09
2.180516915319754290e+01 1.879044231781192915e-05
