-3.316002033955043782e+00 2.187598289521162087e-01
-2.665732974678940437e+00 3.147652849780576689e-01
-2.169711262650277028e+00 3.321046232117268460e-01
-1.673696501416701343e+00 3.661726190708370909e-01
-1.177682070426991023e+00 4.017563527706173865e-01
-6.816676979542908299e-01 4.386052069236887618e-01
-1.858053998667572593e-01 4.773692113055645891e-01
-1.359064374618807747e-01 5.992916876304952289e-01
1.717308652905067679e-01 9.536294006657189959e-01
4.551075070803500822e-01 1.354317554462387552e+00
7.381820274483519295e-01 1.758650517322512874e+00
1.021256338624599636e+00 2.163367127187149297e+00
