1.984057493475033240e+01 1.347957023863356030e+00
1.984057493475033240e+01 1.347957023863356030e+00
1.984057493475033240e+01 1.347957023863356030e+00
1.984057493475033240e+01 1.347957023863356030e+00
1.984057493475033240e+01 1.347957023863356030e+00
1.984057464638321733e+01 1.347957023863356030e+00
1.978571813307028293e+01 1.347957023863356030e+00
1.450940794827841174e+01 1.347957023863356030e+00
1.139179114522549696e+01 1.347957023863356030e+00
1.132304895709841119e+01 1.347957023863356030e+00
1.132297235139387226e+01 1.347957023863356030e+00
1.132297235824476545e+01 1.347957023863356030e+00
