-3.361739563468633119e+00 2.158274277600084334e-01
-2.865725190099875253e+00 2.495263533565924285e-01
-2.369710816731115610e+00 2.832252789531763959e-01
-1.873696443362355746e+00 3.169242045497603910e-01
-1.377682069993596103e+00 3.506231301463443306e-01
-8.816676970560881621e-01 3.843220561955797421e-01
-3.858053998149510999e-01 4.182749073650924854e-01
6.409356218254774751e-02 5.405389261839347315e-01
3.717308650386480506e-01 9.109388464334358115e-01
6.551075069722809285e-01 1.319061861900978627e+00
9.381820218905826403e-01 1.727759899769469198e+00
1.221256330824965541e+00 2.136458825260385996e+00
