0.000000000000000000e+00
2.408419058508352861e-03
2.651451326286058743e-02
2.650222548089615354e-02
1.573733187888293750e-01
7.645817461224405087e-02
7.620388374403030138e-04
5.223352177453886337e-03
5.679357709894630388e-03
4.461599613746809051e-02
1.560654990808864884e-01
2.679776650410344296e-01
4.566357460118706246e-01
6.800426925540867806e-01
6.619666982093218577e-01
6.132981122386838013e-01
7.335903231808704739e-01
8.908414603886962713e-01
9.365061175871887134e-01
9.287020219014875400e-01
9.313774892030504127e-01
9.517513391579388582e-01
9.538048500162382703e-01
9.536280564059864684e-01
9.528126848338123178e-01
9.504198932426121127e-01
9.474111815847719997e-01
9.471886595645470086e-01
9.488794627067136389e-01
9.486425310114521281e-01
