3.507110900805891163e+00 4.180171984709322164e-01
3.528563844850545195e+00 3.925120083867051912e-01
3.546078513857622738e+00 3.717450294047246473e-01
3.553515442982433825e+00 3.629424655990235449e-01
3.454685367299013876e+00 3.469108881495638341e-01
-6.606079469721848341e-01 6.954942678886849583e-02
-7.564839674585636331e+00 6.954942100026852148e-02
-8.222764451886101611e+00 6.954942532554855839e-02
-8.224567330062480863e+00 6.954927465772749173e-02
-8.223505365617912233e+00 -1.504245017967029419e-01
-8.223627496290374594e+00 -1.373905412212914068e-01
-8.223743388483994110e+00 -1.242132484912982227e-01
