-1.999999999686439267e-01 -5.006504991054855358e-02
-1.999999988876808299e-01 -5.276181131797996748e-02
-1.999999999940282880e-01 -5.615297493626186798e-02
-1.999999999999754197e-01 -6.003562676544293986e-02
-1.999999999992133626e-01 -6.455561895628064706e-02
1.034314211694617042e-01 -6.607783242135967239e-02
1.999999995828522503e-01 -5.708046584832715542e-02
1.999999997549983810e-01 -4.892756805141829091e-02
1.999999981569893226e-01 -4.317470518959432013e-02
1.999999999967803088e-01 -3.807219795178218291e-02
1.999999999928687711e-01 -3.467833147145515937e-02
1.999999997621237924e-01 -3.235638694272013893e-02
