2.095205855277747276e+01 6.954940979235921250e-02
2.095205855277747276e+01 6.954940979235921250e-02
2.095205855277747276e+01 6.954940979235921250e-02
2.095205855134879513e+01 6.954940979235921250e-02
2.094691143446254245e+01 6.954940979235921250e-02
1.786093368527571812e+01 6.954940979235921250e-02
1.458904419657419460e+01 6.954940979235921250e-02
1.455686403949784768e+01 6.954940979235921250e-02
1.455686351191966565e+01 6.954940979235921250e-02
1.455686351194199268e+01 6.954940979235921250e-02
1.455686351194199268e+01 6.954940979235921250e-02
1.455686351194199268e+01 6.954940979235921250e-02
