-2.600386305954443866e+00 3.236292091407903526e-01
-2.076584842135006603e+00 3.253679443855996278e-01
-1.552783378315569562e+00 3.271066796304086810e-01
-1.028981914497898886e+00 3.288454148770066920e-01
-5.051918222975420036e-01 3.306042821751215000e-01
-1.053222263466529335e-03 3.794265179145789313e-01
3.870012930595669309e-01 7.007465708638159763e-01
7.510278792501606793e-01 1.077147891838016180e+00
1.114949466617750184e+00 1.453886583685836786e+00
1.478871054416260877e+00 1.830625318930571011e+00
1.842792642214810650e+00 2.207364054175382950e+00
2.206714230013361977e+00 2.584102789420191115e+00
