1.912943225096725897e+01 -1.737703124802729926e+00
1.912943225096725897e+01 -1.737703124802729926e+00
1.912943225096725897e+01 -1.737703124802729926e+00
1.912943225096725897e+01 -1.737703124802729926e+00
1.912943212561780726e+01 -1.737703124802729926e+00
1.910783947563140117e+01 -1.737703124802729926e+00
1.608616730047452137e+01 -1.737703124802729926e+00
1.391393464935572233e+01 -1.737703124802729926e+00
1.389482664102286691e+01 -1.737703124802729926e+00
1.389482896570301129e+01 -1.737703124802729926e+00
1.389482896578680560e+01 -1.737703124802729926e+00
1.389482896578680560e+01 -1.737703124802729926e+00
