-1.999999996613892606e-01 -5.336662706215089536e-02
-1.999999999982102761e-01 -5.616354746381241325e-02
-1.999999999907249304e-01 -5.971319593189661212e-02
-1.999999999995488997e-01 -6.408262206140846740e-02
1.999999994076632204e-01 -6.405522041678857192e-02
1.999999999992257416e-01 -5.145107969596507402e-02
1.999999979247897852e-01 -4.351000121807424570e-02
1.999999998723013261e-01 -3.878592982005324430e-02
1.999999939216132727e-01 -3.472983277073238284e-02
1.999999999982711163e-01 -3.033233056908946068e-02
1.999999987350826736e-01 -2.793193272136651473e-02
1.999999994762349242e-01 -2.650356277489285262e-02
