3.954505215181548294e+00 5.028668138980489921e-01
3.973805523885458157e+00 4.828418739986536368e-01
3.980440839982870571e+00 4.759557053253132830e-01
3.462482823742917049e+00 3.500801952421002117e-01
-1.240177956979733764e+00 2.209195282000466221e-01
-8.548377249002225398e+00 2.209195377488780698e-01
-9.432093727526748239e+00 2.209195486741883929e-01
-9.444027730586475045e+00 2.209196492800694356e-01
-9.444039346253790157e+00 2.208632516323351946e-01
-9.440308030553186569e+00 -1.770344223786365911e-01
-9.440523184425586578e+00 -1.653917199169681607e-01
-9.440737300981254521e+00 -1.534457280334202145e-01
