1.924518660069725229e+01 2.209195212768986782e-01
1.924518660069725229e+01 2.209195212768986782e-01
1.924518626291980183e+01 2.209195212768986782e-01
1.920132959915618898e+01 2.209195212768986782e-01
1.477274080470398410e+01 2.209195212768986782e-01
1.183931062458937333e+01 2.209195212768986782e-01
1.177924148244203550e+01 2.209195212768986782e-01
1.177920292318485629e+01 2.209195212768986782e-01
1.177920292962919824e+01 2.209195212768986782e-01
1.177920292962929594e+01 2.209195212768986782e-01
1.177920292962929594e+01 2.209195212768986782e-01
1.177920292962929594e+01 2.209195212768986782e-01
