-2.848367194741761477e+00 -2.165361894842381396e-01
-2.325238537284794571e+00 -2.273540246217946315e-01
-1.802112514515996411e+00 -2.416107496280922307e-01
-1.278986493949926029e+00 -2.557100800344079272e-01
-7.558604734173008932e-01 -2.695527914417891191e-01
-2.327812327997729747e-01 -2.831875945090789326e-01
-1.385986045679039047e-01 -2.244646442256523211e-01
2.559745309200793240e-01 9.240506645157255117e-02
6.390186695539278317e-01 4.412944601018989887e-01
1.022046766174089294e+00 7.918234614821654249e-01
1.405074863277333330e+00 1.143572703411614100e+00
1.788102960237633043e+00 1.496460221487463160e+00
