-1.999973608402254577e-01 -4.771968749574118096e-02
-1.999999977492792347e-01 -5.513477199801228301e-02
-1.999999999701647102e-01 -5.911096663154227770e-02
-1.999999999883224078e-01 -6.324455586505434157e-02
-1.999999999990944577e-01 -6.763476406772572780e-02
-1.999999999999411693e-01 -7.213741043667404318e-02
1.999999999958912700e-01 -7.178710715514008411e-02
1.999999999994484523e-01 -6.368921021926157722e-02
1.999999999979373833e-01 -5.589209701871117320e-02
1.999999999896022729e-01 -4.965402053929079962e-02
1.999999999030215303e-01 -4.463618210856745705e-02
1.999999999593862210e-01 -4.075661982424350072e-02
