2.092504082191649317e+01 -7.293167855931137478e-01
2.092504082191649317e+01 -7.293167855931137478e-01
2.092504082191649317e+01 -7.293167855931137478e-01
2.092504082191649317e+01 -7.293167855931137478e-01
2.092504080224772878e+01 -7.293167855931137478e-01
2.090606852054526854e+01 -7.293167855931137478e-01
1.724735802423158049e+01 -7.293167855931137478e-01
1.532715609367456189e+01 -7.293167855931137478e-01
1.532112372007138745e+01 -7.293167855931137478e-01
1.532112388066627773e+01 -7.293167855931137478e-01
1.532112388066657260e+01 -7.293167855931137478e-01
1.532112388066657260e+01 -7.293167855931137478e-01
