-3.048364555581986934e+00 -2.642558769799793206e-01
-2.525238535034073806e+00 -2.824887966198069145e-01
-2.002112514486161121e+00 -3.007217162596345084e-01
-1.478986493938248437e+00 -3.189546358994622688e-01
-9.558604734163953509e-01 -3.371875555095148469e-01
-4.327812327997141439e-01 -3.553250049457529758e-01
6.140139542798737221e-02 -2.962517513807924052e-01
4.559745309195277763e-01 2.871585623231097395e-02
8.390186695518652149e-01 3.854023630831878156e-01
1.222046766163691567e+00 7.421694409428746253e-01
1.605074863180354861e+00 1.098936521303046643e+00
1.988102960197019264e+00 1.455703601663219660e+00
