-2.556942446972044980e+00 1.496140166102442048e-01
-2.091874586317834517e+00 1.420272818809037718e-01
-1.626806779302741202e+00 1.344030266066977841e-01
-1.161738973408406705e+00 1.271094443176437050e-01
-6.966711678384971407e-01 1.204003361208143552e-01
-2.316657149867080434e-01 1.143761107782419184e-01
-1.163747277605535063e-01 1.609843931322249011e-01
1.269137797587567562e-01 4.526549790354165159e-01
4.162751222373280990e-01 8.077126704522885614e-01
7.051410073876215323e-01 1.167182573146433144e+00
9.940065922822484135e-01 1.527431378872054824e+00
1.282872177339937636e+00 1.888378243347896834e+00
