3.523735369150752916e+00 4.833669527430094481e-01
3.549044210198433191e+00 4.563527160991065479e-01
3.571935730306460499e+00 4.320020782190725495e-01
3.587850452882181074e+00 4.151193938398154426e-01
3.592476336307809603e+00 4.102167585886909995e-01
3.296774602824561029e+00 3.403954329433180881e-01
-6.995302927294186901e-01 -1.977363589694191293e-01
-7.735035594429213290e+00 -3.536241668023621942e-01
-9.062280308635354942e+00 -1.809119461841266208e-01
-9.089258955644167415e+00 -1.674475850751412365e-01
-9.089165456881595162e+00 -1.559780260253629813e-01
-9.089002404953811620e+00 -1.432907292993899628e-01
