-1.999999438910049498e-01 -5.350582710097680217e-02
-1.999999987221028341e-01 -5.629277529342711917e-02
-1.999999999140826823e-01 -5.904220294101193700e-02
-1.999999999853050436e-01 -6.212230357374862177e-02
-1.999999999997794653e-01 -6.578687801304276828e-02
-1.999999999964653663e-01 -7.002646320703503902e-02
1.237232015233179910e-01 -6.873802147513141669e-02
1.999999999999099443e-01 -5.750432457432602673e-02
1.999999999691277619e-01 -4.919164209723214665e-02
1.999999999807651196e-01 -4.403767905943123395e-02
1.999999999972942311e-01 -3.966016804771532733e-02
1.999999999518848881e-01 -3.598071544535108579e-02
