1.860271223292454934e+01 -4.149473168716294458e-01
1.860271223292454934e+01 -4.149473168716294458e-01
1.860271223292454934e+01 -4.149473168716294458e-01
1.860271223292454934e+01 -4.149473168716294458e-01
1.860271206312664205e+01 -4.149473168716294458e-01
1.858023609362776796e+01 -4.149473168716294458e-01
1.511861277716475094e+01 -4.149473168716294458e-01
1.166386173064585918e+01 -4.149473168716294458e-01
1.155474753740383775e+01 -4.149473168716294458e-01
1.155462336574361792e+01 -4.149473168716294458e-01
1.155462340049000503e+01 -4.149473168716294458e-01
1.155462340049125025e+01 -4.149473168716294458e-01
