-2.756942390863049930e+00 9.610818950926740267e-02
-2.291874585039937351e+00 8.573450658747665265e-02
-1.826806779216823884e+00 7.536082366568584712e-02
-1.361738973393711749e+00 6.498714074389508322e-02
-8.966711678382766060e-01 5.461345810777158694e-02
-4.316657149831734097e-01 4.434964757120687245e-02
7.348473762764479514e-03 9.224637165709348441e-02
3.269137797586667005e-01 3.951506544610904892e-01
6.162751222064558609e-01 7.585210283550564148e-01
9.051410073683866520e-01 1.123144894087001910e+00
1.194006592279542645e+00 1.487771210824339496e+00
1.482872177291822524e+00 1.852397527902545749e+00
