0.000000000000000000e+00
6.411837573852905824e-04
1.754813068700661685e-02
1.280387931260890642e-02
5.450192177834762425e-02
2.159845518548150073e-02
7.584127406779789943e-03
5.969391863902009064e-04
9.565232945445222013e-03
1.272585070668599827e-02
9.002108074600169429e-02
2.118101638198724157e-01
3.583605929705645510e-01
5.421397859113270545e-01
6.102734636461710771e-01
6.306131686175846518e-01
7.193322701144292397e-01
8.708314435173902801e-01
9.273422852118160531e-01
9.018195550830516716e-01
9.010463855343620043e-01
9.437317167648334726e-01
9.444860428625960758e-01
9.433685257479823560e-01
9.426586682607043244e-01
9.404467921740782277e-01
9.381757197506630508e-01
9.386617763808134951e-01
9.406061083952024227e-01
9.401043669240409795e-01
