1.531848899702656830e+01 -4.860884884913211357e-01
1.528713291445927602e+01 -4.530656229023953818e-01
1.526129741872224699e+01 -4.259637157982265054e-01
1.523734003648286439e+01 -4.009177984188175281e-01
1.522214724420824616e+01 -3.850772919919707160e-01
1.522147972250994918e+01 -3.832883371456435873e-01
1.712847689437185394e+01 -1.539376522975669757e-08
1.718728686066521760e+01 -1.207444159751244417e-08
2.077401059751102252e+01 -4.522220660884663302e-08
2.110006203551284898e+01 -6.222096641889472191e-09
2.110236215016724515e+01 -4.861272260178532131e-08
2.110236314308038530e+01 1.514081150837442600e-03
