3.794427372252611619e+00 5.645765568080907126e-01
3.825783454819903895e+00 5.315536912191649588e-01
3.851618950556932930e+00 5.044517841149960269e-01
3.875576332796315526e+00 4.794058667355871051e-01
3.890769125069995837e+00 4.635653603087402930e-01
3.891411902170487380e+00 4.617764054624131642e-01
1.646970823285077046e+00 7.848808371053481170e-02
-4.130120218782229458e+00 7.848808039121117630e-02
-9.017736765800783871e+00 7.848811353897618137e-02
-9.354894690962799686e+00 7.848807453886622043e-02
-9.357195907056416573e+00 7.848811692949217433e-02
-9.357196899489254704e+00 7.697398716593213674e-02
