-3.121780499494418937e+00 2.962105184972376182e-01
-2.643957590262441038e+00 2.981727202051568382e-01
-2.166134681030460474e+00 3.001349219130759471e-01
-1.688311771798483241e+00 3.020971236209952782e-01
-1.210488862566504897e+00 3.040593253289151643e-01
-7.326659983985107649e-01 3.060215844870805002e-01
-2.560677025995143907e-01 3.104180882264661046e-01
1.476294318766131486e-01 4.700774338812332975e-01
4.495706825661377470e-01 8.308575941551266109e-01
7.432399986502541411e-01 1.207699675722468280e+00
1.036869154698538908e+00 1.584661809342777117e+00
1.330498310787180616e+00 1.961624011048364924e+00
