1.793294534232201798e+01 -2.195729202273607739e-01
1.775388893543704327e+01 -4.968123429960811382e-03
1.774970639429357533e+01 -1.745909151714371342e-05
1.774969197951287825e+01 -4.018799526142193580e-07
1.774969166288255806e+01 -2.720811779045369286e-08
1.774971528557579248e+01 -4.396615785830346029e-09
1.885435438271462516e+01 -2.756395474379796437e-09
1.972668135781492538e+01 -1.301262808299573312e-09
2.309544018376429975e+01 -5.960712784143203358e-11
2.323885656441283132e+01 -7.532046571992593188e-10
2.323900929853424913e+01 1.178134638643875427e-05
2.319605812440904558e+01 1.412246720756483720e+00
