-2.802784441117234238e-02 -2.787852588111582042e-02
-1.999992260929830401e-01 -1.360241011954219092e-02
-1.999970179851637830e-01 -4.577445104412171395e-02
-1.999999422887113187e-01 -4.905099888335979347e-02
-1.999999975868920199e-01 -5.226511031341563029e-02
-1.999999976101343169e-01 -5.582602508423132465e-02
-1.999999999465413847e-01 -6.098346316234568021e-02
1.999999997909956140e-01 -5.940280810232728692e-02
1.999999997272719487e-01 -4.599548938073394488e-02
1.999999998849969485e-01 -3.982569073513220204e-02
1.999999984353917348e-01 -3.446774826159493266e-02
1.999999998984041127e-01 -2.816890418672257645e-02
