3.482343556717633959e+00 1.418303366096810292e+00
3.661399963602608665e+00 1.203698569299410215e+00
3.665582504746076609e+00 1.198747904960966615e+00
3.665596919526773689e+00 1.198730847749402084e+00
3.665597236157093874e+00 1.198730473077567193e+00
3.665573080378337067e+00 1.198730450266065173e+00
2.430577171196951269e+00 1.198730448625844991e+00
-4.350030792845991812e+00 1.198730447170712310e+00
-9.033127260974623596e+00 1.198730445929056643e+00
-9.179956010187844129e+00 1.198730446622654044e+00
-9.180108727959790826e+00 1.198718664523062971e+00
-9.137157553834097001e+00 -2.135162748870342853e-01
