2.141528889903965194e+01 1.198730445869449435e+00
2.141528889903965194e+01 1.198730445869449435e+00
2.141528889903965194e+01 1.198730445869449435e+00
2.141528889903965194e+01 1.198730445869449435e+00
2.141528889903965194e+01 1.198730445869449435e+00
2.141528836595412955e+01 1.198730445869449435e+00
2.128493155391157643e+01 1.198730445869449435e+00
1.537665056496893357e+01 1.198730445869449435e+00
1.406231292278967615e+01 1.198730445869449435e+00
1.405890055422498719e+01 1.198730445869449435e+00
1.405890057057445830e+01 1.198730445869449435e+00
1.405890057057494857e+01 1.198730445869449435e+00
