-3.536964128759137793e+00 -1.132214260085922103e-01
-3.001581906283145695e+00 -8.325316486185600773e-02
-2.466199683807155374e+00 -5.328490371511988150e-02
-1.930817461331162388e+00 -2.331664256838366159e-02
-1.395435238855169846e+00 6.651618578352573932e-03
-8.600530171340440289e-01 3.661988060646503146e-02
-3.250410699190904307e-01 6.729495992803574689e-02
1.457975629967726838e-01 2.339597488805616465e-01
5.044031325331324034e-01 6.249114001475981617e-01
8.558852965043760586e-01 1.029849128680079273e+00
1.207357810673528542e+00 1.434817388280300143e+00
1.558830324937901413e+00 1.839785649427035485e+00
