-2.666849732163838471e+00 2.037021047808603436e-01
-2.141110982122341522e+00 2.428644769005225412e-01
-1.615382444545137242e+00 2.761359655270105296e-01
-1.089654080285423321e+00 3.088894045004699773e-01
-5.639257409547663302e-01 3.423840556182485839e-01
-3.963015878081471710e-02 3.806168441256243540e-01
-3.455282197796200050e-03 5.896640089606555168e-01
3.372756344383730509e-01 9.736071520479865349e-01
6.739877848246426106e-01 1.372628424594736218e+00
1.010695424779056717e+00 1.772747786958007055e+00
1.347403075304943521e+00 2.171272456584627086e+00
1.684110727226854731e+00 2.573871576106973702e+00
