1.728308541907100349e+01 -1.806311806799646737e-03
1.728152879817473320e+01 -1.273636139107568828e-05
1.728151849500471471e+01 -8.660575953483343306e-07
1.728151776207863577e+01 -2.170948503498292572e-08
1.728197403161381729e+01 -9.450474094971215853e-09
1.951553891588004674e+01 -1.640618003000438285e-09
2.005036210346110792e+01 -1.833849566029683790e-09
2.279316828169290332e+01 -6.036755394223868226e-10
2.288332076687894912e+01 -2.708211478448511665e-08
2.288341878726055612e+01 1.307557650139181034e-05
2.283968910159432042e+01 1.414021659678442289e+00
2.284019283473532269e+01 1.405861580537490552e+00
