-1.999894138001203636e-01 -3.721639053956868337e-02
-1.999998085870533515e-01 -4.652108063270510296e-02
-1.999999909096943362e-01 -4.993488723266725771e-02
-1.999999999148456276e-01 -5.283064417960087189e-02
-1.999999999903804282e-01 -5.646759303135229224e-02
-1.999999999940067219e-01 -6.200942643144263799e-02
1.999999998650422717e-01 -5.708967172042722638e-02
1.999999994380904367e-01 -4.396079945813602396e-02
1.999999892787717171e-01 -3.813932316689938595e-02
1.999999998850081617e-01 -3.340100437338500150e-02
1.999999999980872634e-01 -2.706799197347953267e-02
1.999999987151437342e-01 -2.480942946930131399e-02
