3.746048791111491028e+00 1.196113592867832143e+00
3.747605412007761316e+00 1.194320017422423552e+00
3.747615715177779805e+00 1.194308147118627872e+00
3.747616448103840980e+00 1.194307302770517554e+00
3.747150146331268417e+00 1.194307290511506636e+00
1.090702057753354381e+00 1.194307282701650541e+00
-5.791942280379617003e+00 1.194307282894881972e+00
-9.323254759056924357e+00 1.194307281664708009e+00
-9.415014761044327329e+00 1.194307308143147228e+00
-9.415112761702328470e+00 1.194294205484531135e+00
-9.371383076035652238e+00 -2.197143786174098334e-01
-9.371886809176654509e+00 -2.115542994764580964e-01
