2.102913421018249451e+01 1.194307281061032455e+00
2.102913421018249451e+01 1.194307281061032455e+00
2.102913421018249451e+01 1.194307281061032455e+00
2.102913421018247675e+01 1.194307281061032455e+00
2.102912417794508571e+01 1.194307281061032455e+00
2.060624097363340113e+01 1.194307281061032455e+00
1.425841982308149092e+01 1.194307281061032455e+00
1.346991352263597896e+01 1.194307281061032455e+00
1.346830600583462179e+01 1.194307281061032455e+00
1.346830602555822765e+01 1.194307281061032455e+00
1.346830602555866818e+01 1.194307281061032455e+00
1.346830602555866818e+01 1.194307281061032455e+00
