-2.866839145963958835e+00 1.664857142412916602e-01
-2.341110790709394873e+00 1.963433962678174383e-01
-1.815382435454831578e+00 2.262010782943432718e-01
-1.289654080200268949e+00 2.560587603208691054e-01
-7.639257409451467584e-01 2.859164625868962917e-01
-2.396301587748214390e-01 3.186074176941817160e-01
1.965447176672460716e-01 5.325743372402282905e-01
5.372756338764634876e-01 9.296463525898505109e-01
8.739877741034143277e-01 1.334489101427836832e+00
1.210695424664064879e+00 1.739346782584622053e+00
1.547403075303030784e+00 2.144204464611147554e+00
1.884110725941998465e+00 2.549062146637672388e+00
