0.000000000000000000e+00
1.780996263619424259e-06
2.258043770088532287e-05
1.181554858202967754e-04
8.576551063185581516e-04
6.803886840972055323e-03
9.840977519227117783e-04
1.738126979787308485e-02
9.028638584695394820e-03
5.356431302790807224e-03
9.886806638189598109e-03
1.019659025660418598e-02
2.374434833605529316e-02
5.544678931281602635e-02
8.540854284197124668e-02
1.241934164821773823e-01
5.198822819515092064e-01
7.676989290198694693e-01
7.424179119655214265e-01
7.634642722634688017e-01
8.605426019167703444e-01
9.017702919172119191e-01
9.170404378175731619e-01
9.280806203937207455e-01
9.271609385801077297e-01
9.255180540450029802e-01
9.243461916400753653e-01
9.260654482159265122e-01
9.264411839598889475e-01
9.259147564606535763e-01
