1.764327811179638061e+01 -8.193807674126564189e-01
1.763158714558652207e+01 -8.048473387102292875e-01
1.763056836361728230e+01 -8.035572693699835067e-01
1.846220474922360566e+01 -6.318976416567041454e-01
1.898934540324500730e+01 -1.408513681260245010e-01
2.251478422661328693e+01 -3.421361427598873517e-01
2.263269647500514381e+01 -3.652184132398669791e-01
2.263256998330319902e+01 -3.768292512701131858e-01
2.263233874037966231e+01 -3.904708575480276278e-01
2.263207955999144616e+01 -4.052149307487932228e-01
2.263183699241656655e+01 -4.185435444125816251e-01
2.263151676112171984e+01 -4.355151443418599500e-01
