-1.688483840676575198e+00 -4.380045431740968165e-01
-1.168796081023755429e+00 -4.466494546820621303e-01
-6.491083224128648688e-01 -4.549504889938439378e-01
-1.297288694461431191e-01 -4.627926116409238899e-01
-6.091799335499253898e-02 -3.469815804672136128e-01
3.172012501599756895e-01 -8.482502734028139757e-03
6.899138563722725381e-01 3.467927770584521285e-01
1.062622722582411861e+00 7.034551541641144157e-01
1.435331588907265532e+00 1.061214753246517040e+00
1.808040455360326648e+00 1.420330141072310148e+00
2.180749331172864292e+00 1.780486379519456097e+00
2.553458300766820344e+00 2.139838819361740807e+00
