-1.999999999841082232e-01 -5.833882652226218823e-02
-1.999999999926431737e-01 -6.230929033737225842e-02
-1.999999999986009636e-01 -6.662363003391835736e-02
-1.999999999999001743e-01 -7.072565583351975160e-02
1.999999999997182643e-01 -6.852211344773539992e-02
1.999999999999544364e-01 -5.914666907529637224e-02
1.999999999912094317e-01 -5.205884514784281381e-02
1.999999999805619488e-01 -4.633659802848222320e-02
1.999999999527699579e-01 -4.171157243395962055e-02
1.999999997967709664e-01 -3.844233558282716956e-02
1.999999902812965580e-01 -3.621394935304822482e-02
1.999998869844032967e-01 -3.318176451840848529e-02
