-3.513313646782919797e+00 1.062237493004305616e-01
-2.838957928223088345e+00 1.745910490099840673e-01
-2.339573415464174300e+00 1.700506014947825162e-01
-1.840199098391912091e+00 1.660388551261033352e-01
-1.340824863202413342e+00 1.628482828967126594e-01
-8.414506280626280477e-01 1.600764401379081714e-01
-3.420817667756235192e-01 1.579142522735716980e-01
-5.418770771676358761e-02 1.820509044394535980e-01
1.197773976501397553e-01 4.569095004544131977e-01
4.573570490857587489e-01 8.151152340838310195e-01
7.945059274522258130e-01 1.177856207082687234e+00
1.131654754631080451e+00 1.541592749588092781e+00
