1.634166447368188813e+01 -4.391535092629793025e-01
1.658803581766474977e+01 -7.204581302803447773e-01
1.655117878546659682e+01 -6.777540480298352987e-01
1.652969398891938368e+01 -6.529632003717353861e-01
1.651259677637296619e+01 -6.332886157575241537e-01
1.650525912030911257e+01 -6.248594698625493660e-01
1.655629000049456678e+01 -6.185739688464196862e-01
1.817806058999491015e+01 -1.190753661353287085e-01
2.063016512529406654e+01 -5.083823387691795692e-08
2.187511706935493550e+01 -9.268448683261398813e-02
2.188737495906648078e+01 -1.044348787441142512e-01
2.188731802861547493e+01 -1.164380112841996856e-01
