-2.500815708038084395e-02 2.365009867780994146e-02
-1.999896404749788026e-01 -5.127680764270856062e-02
-1.999999180686580225e-01 -5.329596673847201982e-02
-1.999999999756867375e-01 -5.584382698075789075e-02
-1.999999999999504396e-01 -5.921286136233210040e-02
-1.999999999756801872e-01 -6.300062521335152155e-02
-1.999999999960815344e-01 -6.738905528411787138e-02
-1.101691565964200981e-03 -6.845433441485221371e-02
1.999999999922870975e-01 -6.013189356846526668e-02
1.999999999673546802e-01 -5.111578392102289481e-02
1.999999999483432767e-01 -4.541706449961835368e-02
1.999999999992094768e-01 -4.071321362668478550e-02
