3.633304932927483577e+00 1.767692448243793901e-01
3.386933588944621931e+00 4.580738658417448650e-01
3.423790621142774881e+00 4.153697835912353864e-01
3.445275417689988018e+00 3.905789359331354738e-01
3.462372630236405513e+00 3.709043513189242414e-01
3.469710285381577108e+00 3.624752054239494536e-01
3.416243317380828870e+00 3.561897044078197738e-01
-4.318928902584424634e-01 -1.433088983032712038e-01
-7.035337864110310591e+00 -2.623842136003660119e-01
-8.389134864981857120e+00 -1.696997776059859242e-01
-8.401421871595216473e+00 -1.579493856944856611e-01
-8.401364939263961773e+00 -1.459462531544002406e-01
