1.997496940660937170e+01 -2.623842644385999123e-01
1.997496940660937170e+01 -2.623842644385999123e-01
1.997496940660937170e+01 -2.623842644385999123e-01
1.997496940660937170e+01 -2.623842644385999123e-01
1.997496940660937170e+01 -2.623842644385999123e-01
1.997496940569068968e+01 -2.623842644385999123e-01
1.997253331787539565e+01 -2.623842644385999123e-01
1.774616769973646768e+01 -2.623842644385999123e-01
1.359482726118375595e+01 -2.623842644385999123e-01
1.348598220437307837e+01 -2.623842644385999123e-01
1.348595308747126431e+01 -2.623842644385999123e-01
1.348595308935151316e+01 -2.623842644385999123e-01
