-3.538321803863300641e+00 1.298738479782405031e-01
-3.038947568698067148e+00 1.233142413672755067e-01
-2.539573333532832322e+00 1.167546347563104964e-01
-2.040199098367598829e+00 1.101950281453454444e-01
-1.540824863202363781e+00 1.036354215343805590e-01
-1.041450628038308235e+00 9.707581492455664984e-02
-5.420817667717050536e-01 9.052519698945382665e-02
-5.528939928272778859e-02 1.135965700246013843e-01
3.197773976424268527e-01 3.967776068859479310e-01
6.573570490531134292e-01 7.639994501628081247e-01
9.945059274005690897e-01 1.132439142583068881e+00
1.331654754630289927e+00 1.500879535961407996e+00
