0.000000000000000000e+00
2.125100944722291968e-02
1.418359094514477087e-02
8.620263291957339091e-02
3.898540070733085700e-02
1.686717445419683159e-02
5.137229662005957098e-02
3.407742806846075778e-02
1.780488583476169118e-01
9.640176954714960167e-02
7.607392763566872551e-02
4.865427873763485123e-02
6.964278537956407333e-02
6.563990691420776291e-02
5.879519085871629663e-02
4.311372406794149181e-02
6.843757785421025752e-02
5.569843496845576780e-01
8.703978555994857924e-01
8.109996316967000851e-01
7.629056599689236773e-01
8.403972809625019913e-01
8.543337606573974119e-01
8.515581178002447071e-01
8.489877993282746171e-01
8.487383168783009246e-01
8.343024681760644601e-01
8.374249456443523254e-01
8.250635178430124617e-01
8.137649336878707285e-01
