1.659768485753253486e+01 -7.084172996986251025e-01
1.658621270164431039e+01 -6.951047919063688685e-01
1.658753382414252897e+01 -6.958620743411481069e-01
1.845490935048143655e+01 -3.320886512679404601e-01
1.870205416188311887e+01 -6.733682629767685855e-08
2.179291642742565571e+01 -1.626916654592389100e-01
2.190188558437169419e+01 -1.857153000445994073e-01
2.190190851860799270e+01 -1.971847196082203157e-01
2.190178731893727360e+01 -2.102164256379011609e-01
2.190165095434379694e+01 -2.239736226908068395e-01
2.190149182627829205e+01 -2.390282264394786305e-01
2.190134719350593073e+01 -2.519321715849826004e-01
