3.392684544375850209e+00 3.654743237342777951e-01
3.404156700263865076e+00 3.521618159420215610e-01
3.402818000357317629e+00 3.529190983768007994e-01
1.177195403526877016e+00 -1.085432469640684738e-02
-4.365990855054795006e+00 -3.429429086275210259e-01
-8.193600757233500786e+00 -1.802513105051083975e-01
-8.303975599384123996e+00 -1.572276759197479001e-01
-8.303998454788635186e+00 -1.457582563561269917e-01
-8.303877255117285472e+00 -1.327265503264461466e-01
-8.303740890523808815e+00 -1.189693532735404680e-01
-8.303581762458303928e+00 -1.039147495248686770e-01
-8.303437129685942608e+00 -9.101080437936470702e-02
