-1.741831150186202715e+00 3.207064903214421614e-01
-1.242071915138492910e+00 3.121329159223335536e-01
-7.423127103998725662e-01 3.035593826626707958e-01
-2.438286121768614700e-01 2.977835848546565023e-01
1.825135030476520703e-01 4.643927948166402531e-01
5.262494018223895509e-01 8.215039030071769055e-01
8.662008777082508271e-01 1.187911183228778977e+00
1.206148629088401369e+00 1.554337607704151969e+00
1.546096380683899207e+00 1.920764033305041529e+00
1.886044132279398600e+00 2.287190458905931312e+00
2.225991883874899990e+00 2.653616884506825535e+00
2.565939635470399605e+00 3.020043310107717538e+00
