-2.960507788461185452e+00 -4.753097459728077077e-04
-2.700004299811812114e+00 5.090041818641806437e-02
-2.600000145774150173e+00 4.798578561529719816e-02
-2.500000363215765464e+00 5.229553346603423025e-02
-2.400000284528155170e+00 4.974354527936168668e-02
-2.300000194132919340e+00 5.152579573928416090e-02
-2.200000004726543334e+00 5.160836255913716503e-02
-2.100000006995249802e+00 5.256722570657056809e-02
-2.000000002201523852e+00 5.307858449156242775e-02
-1.900000000222264340e+00 5.343643326283793737e-02
-1.800000001220466217e+00 5.404711056506002892e-02
-1.700000000300531333e+00 5.469003008661450088e-02
-1.600000000236992959e+00 5.539536512793220846e-02
-1.500000000001450173e+00 5.590890497585675190e-02
-1.400000000005858114e+00 5.653560147729772695e-02
-1.300000000130779432e+00 5.726146908301938537e-02
-1.200000000059613381e+00 5.789785598041335274e-02
-1.100000000055797011e+00 5.863209479792842738e-02
-1.000000000035486947e+00 5.934945245915296957e-02
-9.000000000520766985e-01 6.012027873040152320e-02
-8.000000000508524778e-01 6.089466451774545874e-02
-7.000000002125700282e-01 6.173556430258309025e-02
-6.000000055059856452e-01 6.258724945735258394e-02
-5.000001028381998447e-01 6.346880245160343992e-02
-4.000013956517041724e-01 6.437126460125583427e-02
-3.000138697467618076e-01 6.532670647935767683e-02
-2.001020598586581434e-01 6.636218133822144316e-02
-1.005626675078893084e-01 6.787713276133056084e-02
-2.347978955693663661e-03 7.215523455540184816e-02
-1.498225468749216083e-02 8.396516404980336468e-02
-8.914763509375953077e-02 1.088994048220188471e-01
-1.368381002718552231e-01 1.501106255565523018e-01
-6.167937641652160297e-02 2.051406290443942293e-01
8.946139739972103211e-03 2.685979514998518280e-01
7.700920246922718371e-02 3.366642431352980247e-01
1.438604391147188521e-01 4.068770362994022505e-01
2.102274568248348741e-01 4.788646919658608447e-01
2.764310145007445318e-01 5.516583282751957862e-01
3.425881639831337422e-01 6.251197739483392857e-01
4.087344080882195918e-01 6.985870792924293582e-01
4.748785368621005198e-01 7.723584615499687889e-01
5.410223402980619545e-01 8.458650672820877681e-01
6.071661484705581646e-01 9.200872817641874146e-01
6.733099080388484925e-01 9.937717015972274970e-01
7.394536909762055021e-01 1.067910168408406246e+00
8.055975057619051416e-01 1.141990900548970789e+00
8.717412746440067473e-01 1.216340817856006007e+00
9.378850448836477671e-01 1.289972071364563044e+00
1.004028845987747554e+00 1.363614663389426829e+00
1.070172645494137820e+00 1.437772840457984369e+00
1.136316460627838643e+00 1.512837370937863080e+00
1.202460167900958110e+00 1.586795210978277249e+00
1.268603950867662089e+00 1.660450521881258412e+00
1.334747733625092581e+00 1.734748967511769546e+00
1.400891516011238291e+00 1.809124850860989175e+00
1.467035299400091253e+00 1.883343069078237342e+00
1.533179081817103828e+00 1.957804299746350729e+00
1.599322864850761139e+00 2.032473477211244717e+00
1.665466647121383037e+00 2.106726681393337408e+00
1.731610433279519690e+00 2.181442617236165393e+00
