1.653051370805596321e+01 -6.214702925586342852e-01
1.640647118134943128e+01 -4.800928592655772653e-01
1.640019572853697838e+01 -4.730051261220095116e-01
1.639390756005298755e+01 -4.659092161760080564e-01
1.638826917442321474e+01 -4.595518134188939507e-01
1.638309929424532996e+01 -4.537270232234991152e-01
1.637847700810369744e+01 -4.485227246503053489e-01
1.637374091061668935e+01 -4.431937365369402193e-01
1.636923428484202958e+01 -4.381261876105972397e-01
1.636452784419514828e+01 -4.328373237420824471e-01
1.635977099079835639e+01 -4.274953035302581639e-01
1.635552322293215610e+01 -4.227279608245320675e-01
1.635146057102674533e+01 -4.181709928364079065e-01
1.634772166319885756e+01 -4.139794178611265196e-01
1.634443561425357316e+01 -4.102973144919933035e-01
1.634148189054188549e+01 -4.069890145627834133e-01
1.633890667297117005e+01 -4.041057577168009618e-01
1.633687339688819762e+01 -4.018299909605654308e-01
1.633526646851831288e+01 -4.000318713031267293e-01
1.633426297063050825e+01 -3.989092090119030765e-01
1.633377872184127710e+01 -3.983677358351886411e-01
1.633398530678943672e+01 -3.985943750274332231e-01
1.633486029897298408e+01 -3.994131757994098253e-01
1.633788676780897475e+01 -4.004851868343665688e-01
1.635390550295743850e+01 -3.983459358315525889e-01
1.643712794979630587e+01 -3.777071003418553397e-01
1.675255808196735785e+01 -2.983788765620849492e-01
1.756677002791784048e+01 -1.245348720388201047e-01
1.894802389003847765e+01 -9.622239901963389724e-09
1.874867934761308064e+01 -4.815215435491903669e-08
1.763889379874918717e+01 -9.145760195792861099e-08
1.705736386978215791e+01 -8.642911673151465989e-09
1.802928801074671483e+01 -2.649933410838829239e-09
1.912563466193649120e+01 -7.937160096155133436e-08
2.012949302396483731e+01 -5.063735401327375976e-08
2.090002188637766167e+01 -1.022058976124097235e-07
2.140329218123115140e+01 -2.998916454379362622e-07
2.168539358889013613e+01 -5.157974433359036756e-08
2.182191692017376283e+01 -2.504945859172755077e-07
2.187917149278347040e+01 -1.058630208431894487e-06
2.190000477578531246e+01 -1.253635454550255705e-07
2.190657826232642691e+01 -5.850518439884753028e-07
2.190837409193764529e+01 -9.626085445978705569e-07
2.190879812216042311e+01 -1.468261319678920373e-06
2.190888451182164331e+01 -1.354170692365541599e-06
2.190889967588038445e+01 -8.849859904998819709e-08
2.190890196625326070e+01 -1.708730077520200669e-07
2.190890226360343007e+01 7.338196855520534170e-07
2.190890229675326850e+01 9.346680815152522880e-06
2.190890229957238944e+01 1.246469776160162557e-04
2.190890220845214387e+01 2.004900932146460712e-03
2.190887237104514895e+01 3.621366044978453075e-02
2.190834427083084535e+01 1.563691489719538363e-01
2.190836129620024408e+01 1.539653050351083574e-01
2.190838003966582548e+01 1.512747089623287799e-01
2.190839745208802825e+01 1.487315747994249204e-01
2.190841418620820136e+01 1.462458394309184284e-01
2.190843206141804700e+01 1.435430605403633375e-01
2.190845158792045666e+01 1.405312055919937797e-01
2.190846216837561755e+01 1.388719440848341091e-01
