3.469486291944036793e+00 6.214702925586342852e-01
3.593528818650568724e+00 4.800928592655772653e-01
3.599804271463021621e+00 4.730051261220095116e-01
3.606092439947012451e+00 4.659092161760080564e-01
3.611730825576785264e+00 4.595518134188939507e-01
3.616900705754670042e+00 4.537270232234991152e-01
3.621522991896302557e+00 4.485227246503053489e-01
3.626259089383310652e+00 4.431937365369402193e-01
3.630765715157970419e+00 4.381261876105972397e-01
3.635472155804851724e+00 4.328373237420824471e-01
3.640229009201643606e+00 4.274953035302581639e-01
3.644476777067843898e+00 4.227279608245320675e-01
3.648539428973254672e+00 4.181709928364079065e-01
3.652278336801142444e+00 4.139794178611265196e-01
3.655564385746426836e+00 4.102973144919933035e-01
3.658518109458114509e+00 4.069890145627834133e-01
3.661093327028829947e+00 4.041057577168009618e-01
3.663126603111802382e+00 4.018299909605654308e-01
3.664733531480305118e+00 4.000318713031267293e-01
3.665737029275668135e+00 3.989092090119030765e-01
3.666221273774183942e+00 3.983677358351886411e-01
3.666014548324099565e+00 3.985943750274332231e-01
3.665136301483897796e+00 3.994131757994098253e-01
3.662056321000406456e+00 4.004851868343665688e-01
3.645410507234529973e+00 3.983459358315525889e-01
3.556924340528787809e+00 3.777071003418553397e-01
3.209688403317212391e+00 2.983788765620849492e-01
2.256957583761046493e+00 1.245348720388201047e-01
4.451695568651814483e-01 9.622239901963389724e-09
-2.883540129242092576e-01 4.815215435491903669e-08
-5.647391623934439053e-01 9.145760195792861099e-08
-1.428334135899826052e+00 8.642911673151465989e-09
-3.523609344056847448e+00 2.649933410838829239e-09
-5.313561300417067201e+00 7.937160096155133436e-08
-6.671516309065987471e+00 5.063735401327375976e-08
-7.594079692413096438e+00 1.022058976124097235e-07
-8.152437292136008651e+00 2.998916454379362622e-07
-8.451322214625076157e+00 5.157974433359036756e-08
-8.592107484067975420e+00 2.504945859172755077e-07
-8.650249517105901731e+00 1.058630208431894487e-06
-8.671229497537183306e+00 1.253635454550255705e-07
-8.677820746959092446e+00 5.850518439884753028e-07
-8.679617702874688590e+00 9.626085445978705569e-07
-8.680041624263973077e+00 1.468261319678920373e-06
-8.680127966450312371e+00 1.354170692365541599e-06
-8.680143121811539686e+00 8.849859904998819709e-08
-8.680145411055262272e+00 1.708730077520200669e-07
-8.680145708290631035e+00 -7.338196855520534170e-07
-8.680145741430990824e+00 -9.346680815152522880e-06
-8.680145744249466944e+00 -1.246469776160162557e-04
-8.680145653129203609e+00 -2.004900932146460712e-03
-8.680115815722208694e+00 -3.621366044978453075e-02
-8.679587715507905088e+00 -1.563691489719538363e-01
-8.679604740877303826e+00 -1.539653050351083574e-01
-8.679623484342885220e+00 -1.512747089623287799e-01
-8.679640896765087987e+00 -1.487315747994249204e-01
-8.679657630885261099e+00 -1.462458394309184284e-01
-8.679675506095106741e+00 -1.435430605403633375e-01
-8.679695032597516402e+00 -1.405312055919937797e-01
-8.679705613052677293e+00 -1.388719440848341091e-01
