0.000000000000000000e+00
2.353355716247500723e-09
2.857856326802902143e-09
1.225627432775255851e-08
2.077335184256454357e-08
5.004160772944211223e-08
8.500344332875013879e-08
1.739313768680484021e-07
3.057249486218854121e-07
6.049970351621365807e-07
1.111111599605375802e-06
2.170838510227702544e-06
4.042322733212615874e-06
7.715750097884839861e-06
1.423779763746255546e-05
2.646318699707864988e-05
4.806070765542161741e-05
8.721505339101152596e-05
1.557510710201132726e-04
2.766980080611968103e-04
4.857605351152997387e-04
8.461692516990395631e-04
1.459806601843148359e-03
2.495600226434448177e-03
4.228966105942266046e-03
7.096500655042610808e-03
1.180097744509851429e-02
1.941824756908078209e-02
3.161400704605655393e-02
5.082630647992453232e-02
8.053218948260715271e-02
1.252959229917248174e-01
1.903265458803579113e-01
2.798574593896764884e-01
3.930899439140325691e-01
5.176844108764973029e-01
6.244996932899792297e-01
6.788974956438594832e-01
6.878314062417268948e-01
7.363573081968675105e-01
8.437831203453456386e-01
8.402026731233562806e-01
8.749920766269038142e-01
8.988928140810097389e-01
9.443979808723612646e-01
9.306909875423237111e-01
9.353265088375026792e-01
9.510529261888985841e-01
9.796536990488586838e-01
9.698120322082641742e-01
9.898583946635479691e-01
9.847061530475986757e-01
9.923727811189363424e-01
9.879380805055681947e-01
9.947650194504462640e-01
9.928759895713823447e-01
9.987594782465372134e-01
9.892951725230085813e-01
9.910488850417105144e-01
9.986223074492790452e-01
9.925972229810202663e-01
9.290753313631903154e-01
5.550624227591862692e-01
5.698291879366736978e-01
5.792423083317626009e-01
5.639404628240036743e-01
5.388617637278336758e-01
5.339683240403245712e-01
6.526653468268683866e-01
8.876229790672613973e-01
9.770704868025463785e-01
9.942238559543701282e-01
9.966546294684617280e-01
9.999068241353943343e-01
9.997749069497317009e-01
9.998428187673469303e-01
9.997071292130450537e-01
9.998672702328443851e-01
9.999768546224906407e-01
9.999705556265402473e-01
9.999135817911857238e-01
9.998738711678742952e-01
9.997690725659199584e-01
9.997385356122663325e-01
9.997561701815876889e-01
9.996181362177415375e-01
9.996705126081737447e-01
9.998148925440073498e-01
9.997004001588942756e-01
9.996751141446811317e-01
9.998051793684963329e-01
9.998628925164538828e-01
9.999009015648215870e-01
9.998474602851774584e-01
9.995262695237387973e-01
9.992183209967873125e-01
9.991210653191737734e-01
9.991057759817874029e-01
9.991804942132498368e-01
9.993864427927801053e-01
9.995427751808261263e-01
9.995180325258072873e-01
9.993248125642275603e-01
9.990571112082777816e-01
9.988231829529692352e-01
9.986822839097477811e-01
9.986640887511608611e-01
9.987803387419524892e-01
9.990025371028736778e-01
9.992755993689566019e-01
9.995359704701349823e-01
9.997228630904366753e-01
9.997970224876988610e-01
9.997535916603751405e-01
9.996176042117337346e-01
9.994306120799167914e-01
9.992385176428246751e-01
9.990815959516687883e-01
9.989861568034726913e-01
9.989609388703399873e-01
9.989995198903489637e-01
9.990876662725518553e-01
9.992085311800131819e-01
9.993452572053485028e-01
9.994817302987306640e-01
9.996057859376819010e-01
9.997112289046539146e-01
9.997964078446832659e-01
9.998621486220997667e-01
9.999104257197171108e-01
9.999439570168480174e-01
9.999661150351890626e-01
9.999802535128941017e-01
9.999890132688360467e-01
9.999941974338639739e-01
9.999970459304755588e-01
9.999984982364571451e-01
9.999992255742391478e-01
9.999996037466718501e-01
9.999997932719786320e-01
9.999998714005142730e-01
9.999999013058138431e-01
9.999999254230758083e-01
9.999999516494995078e-01
9.999999702422588399e-01
9.999999779265992261e-01
9.999999815242066603e-01
9.999999870488380793e-01
9.999999936300474346e-01
9.999999977248066330e-01
