-1.999998836555842985e-01 -5.132723795209537254e-02
-1.999999982494484740e-01 -5.442785055209040102e-02
-1.999999983906537437e-01 -5.720127381362788421e-02
-1.999999999833177444e-01 -6.047865121675538580e-02
-1.999999999976864729e-01 -6.413084598087362420e-02
-1.999999999991277644e-01 -6.833260388541725905e-02
-1.999999999971275311e-01 -7.099109886246895984e-02
1.999999999999997891e-01 -6.509524616441320077e-02
1.999999999922772442e-01 -5.501541204837867571e-02
1.999999999990504929e-01 -4.880038007616049889e-02
1.999999999753246938e-01 -4.372072095038803674e-02
1.999999999993959943e-01 -3.951367732033062019e-02
