1.800853235882806302e+01 -1.068668453673853103e+00
1.798443682724757764e+01 -1.037576557797688537e+00
1.796732813695114217e+01 -1.015567369687695454e+00
1.795509089423352478e+01 -9.998590238372571104e-01
1.795236359544434990e+01 -9.963628706337886998e-01
1.818719877577334643e+01 -9.519056331072655031e-01
1.846159537630562397e+01 -5.027421484174932065e-01
2.249822767625416020e+01 -5.613914096279236654e-01
2.275998793056353264e+01 -6.015850212430009503e-01
2.275991478176807803e+01 -6.127931333625792343e-01
2.275954337172909092e+01 -6.264358571061779957e-01
2.275912214430634961e+01 -6.415571628703404805e-01
