2.916508463088430148e+00 3.393516680807393548e-01
2.940603994668915533e+00 3.082597722045747890e-01
2.957712684965351002e+00 2.862505840945817059e-01
2.969949927682968394e+00 2.705422382441433626e-01
2.972677206803378880e+00 2.670460850406749520e-01
2.718869744771922115e+00 2.225888475141517553e-01
-1.214237352074043486e+00 -2.265746371756205413e-01
-7.171071582579598314e+00 -1.679253759651900824e-01
-7.438864210492145190e+00 -1.277317643501127975e-01
-7.438790901101800301e+00 -1.165236522305345135e-01
-7.438419491062518318e+00 -1.028809284869357521e-01
-7.437998263639777008e+00 -8.775962272277326726e-02
