-3.810848380766307386e-02 -1.318853817695336827e-03
-1.999999552651661183e-01 -4.864057481605582600e-02
-1.999999928507700808e-01 -5.364756229490025286e-02
-1.999999999914978677e-01 -5.677159658399694164e-02
-1.999999999983292920e-01 -6.011934366307561395e-02
-1.999999999984278798e-01 -6.387512192873193162e-02
-1.999999999860807010e-01 -6.823383397196478017e-02
6.948538459136717471e-02 -6.834420771528920691e-02
1.999999995117891227e-01 -5.868985764064993393e-02
1.999999999728784839e-01 -5.016762077324088409e-02
1.999999999850948784e-01 -4.472291947613205032e-02
1.999999999150618990e-01 -4.011884176386981693e-02
