-3.419082326673345218e+00 2.142610192058052032e-01
-2.930586187557586264e+00 2.069428257788498149e-01
-2.442090048441828198e+00 1.996246323518943711e-01
-1.953593909326070133e+00 1.923064389249388995e-01
-1.465097770210311401e+00 1.849882454979835111e-01
-9.766016311089209534e-01 1.776700520856600851e-01
-4.881237306887939442e-01 1.703834564979956889e-01
-1.838744786283682056e-02 2.065983228220631962e-01
3.351626713325664975e-01 5.052385080041790211e-01
6.572160413473521201e-01 8.719405591488442742e-01
9.789180124647385295e-01 1.239621628263739117e+00
1.300619928835064609e+00 1.607303434816435450e+00
