-2.694098544708532827e+00 8.683922285819942744e-01
-2.206404517534940712e+00 8.470982006406012621e-01
-1.718715367207879430e+00 8.218783535062693657e-01
-1.231026222334845599e+00 7.968633572020297207e-01
-7.433370774746163034e-01 7.720634569233688627e-01
-2.556807747112684881e-01 7.473906967226463527e-01
-1.194997088470760860e-01 7.739782999746882552e-01
1.759358472060459366e-01 1.058806345113649794e+00
5.210345658812721714e-01 1.395948883962456311e+00
8.660252867659511411e-01 1.735343183046979210e+00
1.211016014890541781e+00 2.075820491718448846e+00
1.556006742919245900e+00 2.417382314247805919e+00
