-1.999951120464640297e-01 -5.288469905163761808e-02
-1.999999943865158336e-01 -6.066120508034700265e-02
-1.999999998800379153e-01 -6.451189191611705898e-02
-1.999999999195316569e-01 -6.856742958197903359e-02
-1.999999999920738514e-01 -7.283806322265728994e-02
-1.999999999991076138e-01 -7.717212598423262016e-02
1.301982208605242664e-01 -7.696345091946910077e-02
1.999999999989786614e-01 -6.960439730396372759e-02
1.999999999993372635e-01 -6.125584097475433865e-02
1.999999999611604684e-01 -5.472078632579591151e-02
1.999999999233406101e-01 -4.926862896797645774e-02
1.999999999817452245e-01 -4.490098546743581664e-02
