1.950756579334158403e+01 -1.162821358804066785e+00
1.950756579334158403e+01 -1.162821358804066785e+00
1.950756579334158403e+01 -1.162821358804066785e+00
1.950756579334158403e+01 -1.162821358804066785e+00
1.950756576148127408e+01 -1.162821358804066785e+00
1.949474519710401310e+01 -1.162821358804066785e+00
1.652363610133319227e+01 -1.162821358804066785e+00
1.383143169742679213e+01 -1.162821358804066785e+00
1.379962797184722767e+01 -1.162821358804066785e+00
1.379962912330785940e+01 -1.162821358804066785e+00
1.379962912348434223e+01 -1.162821358804066785e+00
1.379962912348434223e+01 -1.162821358804066785e+00
