-2.894093656754996857e+00 8.155075295303566563e-01
-2.406404511921456546e+00 7.864369955602542595e-01
-1.918715367087917345e+00 7.573664615901523067e-01
-1.431026222254377256e+00 7.282959276200506871e-01
-9.433370774666901548e-01 6.992253937007115727e-01
-4.556807747103761019e-01 6.702185707384137325e-01
1.069851201344817343e-02 6.970148490552191545e-01
3.759358472050245981e-01 9.892019478096860663e-01
7.210345658806094349e-01 1.334693042987701972e+00
1.066025286727111610e+00 1.680622396721183298e+00
1.411016014813882391e+00 2.026551862750472388e+00
1.756006742900991124e+00 2.372481328780370102e+00
