-3.117184077478596382e+00 -8.208048397353177039e-01
-2.456212092589979523e+00 -7.516842920146601381e-01
-1.961905730452710772e+00 -7.374166116922191705e-01
-1.467599367872768568e+00 -7.237627011093551443e-01
-9.732930072328385140e-01 -7.095511603256862143e-01
-4.789868393500283372e-01 -6.945373927330495967e-01
1.225916371305710295e-02 -6.712355173391151286e-01
7.704838987289103214e-03 -4.595790273660443903e-01
3.201930627028390375e-01 -9.353880760045395204e-02
6.290469601224668583e-01 2.869843850746522373e-01
9.378939824301557593e-01 6.684295403906767019e-01
1.246741040165704417e+00 1.049916915087489411e+00
