1.578826359313877958e+01 -1.046979720063723751e-01
1.579384065444315155e+01 -1.106115916857960124e-01
1.576477009821704733e+01 -7.983533797484468342e-02
1.574020715994170239e+01 -5.392465047420322288e-02
1.572462238822399172e+01 -3.752893255395189226e-02
1.572716748281811761e+01 -3.581165110322334644e-02
1.894504637856816487e+01 -9.489425128983422733e-10
1.887286956181117503e+01 -1.001397298482039455e-08
2.158313434787919149e+01 -6.745449994281570255e-09
2.170542665712070729e+01 -7.096699881274753723e-08
2.170574320746122510e+01 7.448124655376486098e-07
2.170405844964000863e+01 2.704378047353321324e-01
