-3.333437232598512878e-02 1.126420626437019124e-02
-1.999999965692076387e-01 -4.675328128140077144e-02
-1.999999980610855932e-01 -4.991790142895524696e-02
-1.999999999956354468e-01 -5.246875183693211486e-02
-1.999999999901789227e-01 -5.557723244571033394e-02
-1.999999999971911468e-01 -5.948767735522086930e-02
-1.999999999348307800e-01 -6.539317298410329826e-02
1.999999999929297501e-01 -5.915557436574603312e-02
1.999999985771810374e-01 -4.638566448722701574e-02
1.999999998526799105e-01 -4.083003636933774105e-02
1.999999992250918179e-01 -3.617213582590717014e-02
1.999999635625133720e-01 -3.155645034786602743e-02
