3.983990832676884253e+00 5.488203790018442163e-01
3.978413771372512286e+00 5.547339986812678259e-01
4.007484327598616503e+00 5.239577449703165524e-01
4.032047265873961450e+00 4.980470574696750363e-01
4.047632037587042930e+00 4.816513395494237404e-01
4.044983917654437988e+00 4.799340580986951599e-01
6.882159629164164016e-02 4.441224079444143769e-01
-5.842776551655038730e+00 4.441224170094448254e-01
-9.227008631200487088e+00 4.441224137409218176e-01
-9.351545855805225571e+00 4.441224779624706742e-01
-9.351862324551843741e+00 4.441216621830063049e-01
-9.350177566720375921e+00 1.736846022601397088e-01
