0.000000000000000000e+00
1.250221586760047223e-05
2.177274740635016408e-04
1.358786072540189415e-03
2.113608628855057764e-02
2.726342860151459262e-03
6.905687904615197617e-03
1.257076363274878608e-02
4.160076860194901471e-02
4.329771865203210085e-02
4.011250369698594886e-02
7.987762356101045513e-02
1.164098270168318489e-01
6.568205716336864008e-02
2.005989477312413172e-01
6.703964287593227045e-01
7.053042918836570641e-01
7.096682169570184273e-01
9.365341830155002878e-01
9.149764777125647397e-01
9.363098260155721109e-01
9.450835522672632605e-01
9.419871633052039339e-01
9.393017357895923070e-01
9.373673590886778539e-01
9.360257841261430123e-01
9.351062678531754102e-01
9.341618923357366544e-01
9.327652790306943942e-01
9.309639565302976205e-01
