1.000000000000003109e+00
9.999874977841398671e-01
9.997822725259526422e-01
9.986412139274480904e-01
9.788639137114474309e-01
9.972736571398517214e-01
9.930943120953852343e-01
9.874292363672506623e-01
9.583992313980507216e-01
9.567022813479681975e-01
9.598874963030131768e-01
9.201223764389901971e-01
8.835901729831684426e-01
9.343179428366319428e-01
7.994010522687574616e-01
3.296035712406802931e-01
2.946957081163436021e-01
2.903317830429826829e-01
6.346581698450015629e-02
8.502352228743559337e-02
6.369017398442811118e-02
5.491644773273635094e-02
5.801283669479768978e-02
6.069826421039940106e-02
6.263264091130917033e-02
6.397421587384827246e-02
6.489373214682103708e-02
6.583810766426381744e-02
6.723472096930531439e-02
6.903604346970212968e-02
