9.999999999999957812e-01
9.883971154590245334e-01
9.972452909326272597e-01
9.150626276890954092e-01
9.287885679431678865e-01
9.317461404684403981e-01
9.618972288228386791e-01
9.940358343339594782e-01
9.665417452056892511e-01
9.770796882882593071e-01
9.903223293039539188e-01
9.573471560506411349e-01
7.995508116754115324e-01
5.298985359004245721e-01
6.930019437325941611e-01
7.042519402199328704e-01
6.269168249334118315e-01
6.107694249532195085e-01
6.373094276137113434e-01
6.449727372052335150e-01
6.530703337816904375e-01
6.620990157441219992e-01
6.693995315430788517e-01
6.787626799718802229e-01
6.886358385626880629e-01
6.948752187730045105e-01
6.989053630662902528e-01
7.049287796493054481e-01
7.122899584601143363e-01
7.197039000245376572e-01
