1.860024459766195903e+01 -1.001759724144437147e+00
1.859328095204451614e+01 -9.925115280128232742e-01
1.860104847930819005e+01 -9.969277925109822913e-01
2.064937572896370810e+01 -6.329504670903178809e-01
2.214103907977106900e+01 -4.842762563365706763e-01
2.326768742970633497e+01 -6.193425550188899065e-01
2.327065649868793074e+01 -6.295818777087471840e-01
2.327030185932281370e+01 -6.425583938477403834e-01
2.326988910703564528e+01 -6.573361847418969228e-01
2.326943449699813371e+01 -6.732370336073248973e-01
2.326890755779441733e+01 -6.912097947258392105e-01
2.327916465923699363e+01 1.796334151690113720e-02
