-1.531442590575239571e+00 1.472020873620436543e-01
-9.944570040869883387e-01 1.330018682179933132e-01
-4.574716834362448914e-01 1.190419403843009510e-01
-9.242613722233852802e-03 1.151135667215660852e-01
1.172262655168753165e-01 3.540443900905524965e-01
5.196156624280583447e-01 7.005707880620735128e-01
9.217187015734572553e-01 1.050102868431001646e+00
1.323821743573310838e+00 1.400903267552899401e+00
1.725924785751339563e+00 1.752978087655055806e+00
2.128027827465964972e+00 2.106140913335134979e+00
2.530131400736082448e+00 2.460147650453592405e+00
3.097323222687073052e+00 2.826280678606943209e+00
