2.147942345946265519e+01 -7.444446000361991667e-01
2.147942345946103160e+01 -7.444446000361991667e-01
2.147927359730394059e+01 -7.444446000361991667e-01
2.036909039772966423e+01 -7.444446000361991667e-01
1.617077766360811353e+01 -7.444446000361991667e-01
1.608412195053199056e+01 -7.444446000361991667e-01
1.608412167796278069e+01 -7.444446000361991667e-01
1.608412167798012149e+01 -7.444446000361991667e-01
1.608412167798012149e+01 -7.444446000361991667e-01
1.608412167798012149e+01 -7.444446000361991667e-01
1.608412167798012149e+01 -7.444446000361991667e-01
1.608412167798012149e+01 -7.444446000361991667e-01
