-2.298064215605092997e+00 -1.870046465401757896e-01
-1.786437764872130352e+00 -1.511853575633114177e-01
-1.274820041252718195e+00 -1.127723387949424172e-01
-7.632023189372788563e-01 -7.391692640506433709e-02
-2.516253315567278381e-01 -3.387576747882882489e-02
-1.720325905191345539e-01 6.668907098346447959e-02
1.645699751999838145e-01 4.140039163200072148e-01
4.720450807533336790e-01 8.161509463701909217e-01
7.792200823235237994e-01 1.222075680159783628e+00
1.283226055831991896e+00 1.625235638038592390e+00
1.393569881764004093e+00 2.033692464420931767e+00
1.700744782060858107e+00 2.442668449186269797e+00
