1.660854627353325341e+01 -2.938220302680859570e-05
1.660851996965217481e+01 -2.575822455975963542e-07
1.660851974866509906e+01 -1.289771879817958602e-08
1.660851987012350506e+01 -3.265814213325862391e-08
1.687373806492830752e+01 -2.389421783584045665e-09
1.733344270714841784e+01 -6.244679801996886508e-10
2.157308008991681447e+01 -5.356893934387523576e-10
2.237032253964652284e+01 -2.836869299371987822e-08
2.237951466855182758e+01 -8.549080378622379131e-09
2.232574171645236660e+01 1.550543345146751406e+00
2.231677417639158278e+01 1.674669583787645744e+00
2.231717229154696369e+01 1.669355793211871442e+00
