3.856162647090279449e+00 1.427830716079508733e+00
3.856188950971358054e+00 1.427801591458727426e+00
3.856189171958433803e+00 1.427801346774200786e+00
3.856189033105625441e+00 1.427801366534624083e+00
3.574209585823304280e+00 1.427801336265903664e+00
-1.267273370771370367e+00 1.427801334500949926e+00
-9.212954900204390896e+00 1.427801334412171386e+00
-1.008328378462412189e+01 1.427801362245174843e+00
-1.009251865082981325e+01 1.427801342425562225e+00
-1.003874569669199346e+01 -1.227420112702695132e-01
-1.002977815663119543e+01 -2.468682499111638506e-01
-1.003017627178657634e+01 -2.415544593353895486e-01
