-1.999912716777805244e-01 -4.788736112402314227e-02
-1.999999993951564470e-01 -4.801161675397547235e-02
-1.999999999989801047e-01 -5.072960217543243111e-02
-1.999999993221586170e-01 -5.388998119525176267e-02
-1.999999989767604069e-01 -5.816997001200695239e-02
1.999999976553908654e-01 -5.947125648761567018e-02
1.999999999801018447e-01 -4.505592118861356798e-02
1.999999967730569650e-01 -3.711405164517922461e-02
1.999999982450377800e-01 -3.234426496609144053e-02
3.168925225251806310e-03 -2.480918951905475289e-02
1.999999997872505819e-01 -2.257098255448308777e-02
1.999999999844068732e-01 -2.085193397290874273e-02
