-2.498055487282873521e+00 -2.348920076641989318e-01
-1.986437764267286799e+00 -1.991969743172868901e-01
-1.474820041251698299e+00 -1.635019409703748483e-01
-9.632023182594374733e-01 -1.278069076003160998e-01
-4.516253305334882451e-01 -9.204573749083577727e-02
2.796740713625631841e-02 7.217814495848811143e-03
3.645699751800856592e-01 3.689479951313936468e-01
6.720450775263906440e-01 7.790368947250116971e-01
9.792200805685615794e-01 1.189731415193692188e+00
1.286394981057243703e+00 1.600426448519537637e+00
1.593569881551254674e+00 2.011121481866448679e+00
1.900744782045264980e+00 2.421816515213361054e+00
