2.046470892062353286e+01 1.427801333876481893e+00
2.046470892062353286e+01 1.427801333876481893e+00
2.046470892062353286e+01 1.427801333876481893e+00
2.046470890322913050e+01 1.427801333876481893e+00
2.044794765075161180e+01 1.427801333876481893e+00
1.606616933637704747e+01 1.427801333876481893e+00
1.236012518971242358e+01 1.427801333876481893e+00
1.228703875502240095e+01 1.427801333876481893e+00
1.228699601772201433e+01 1.427801333876481893e+00
1.228699601976037314e+01 1.427801333876481893e+00
1.228699601976038736e+01 1.427801333876481893e+00
1.228699601976038736e+01 1.427801333876481893e+00
