-2.440887270293542244e+00 -1.018533920591959463e+00
-1.929854498102296700e+00 -1.029181507675919427e+00
-1.418821767926627953e+00 -1.039865821881380548e+00
-9.077890377546106171e-01 -1.050216061377114984e+00
-3.967576893344296751e-01 -1.060154268236820574e+00
-2.787922906500271691e-02 -1.053724921171587559e+00
1.098315437828324137e-01 -8.017822408189330119e-01
4.726517198558967681e-01 -4.513629144628558132e-01
8.350524802525822743e-01 -9.710729870853532231e-02
1.197453227696056111e+00 2.582960646297856599e-01
1.559853974902956741e+00 6.148089324497787445e-01
1.922254722214686851e+00 9.723907923373367179e-01
