-1.999999579675479922e-01 -5.368272201636203889e-02
-1.999999999893151692e-01 -5.744160207207515967e-02
-1.999999999955048846e-01 -6.116375500628712381e-02
-1.999999999981215693e-01 -6.521998265015294116e-02
-1.999999999975129450e-01 -6.968595213319073167e-02
-6.557785694293144507e-02 -7.129511546134104094e-02
1.999999999999732270e-01 -6.496964916878700258e-02
1.999999999974821363e-01 -5.613698271563649644e-02
1.999999999981323384e-01 -4.979949306309233714e-02
1.999999998753809738e-01 -4.460932354311752945e-02
1.999999999900896608e-01 -4.052865850278408733e-02
1.999999999999708677e-01 -3.751698553001558967e-02
