1.618631127057060581e+01 -9.030397513190724368e-01
1.617104152486151847e+01 -8.855259821027818834e-01
1.614873455304094207e+01 -8.600094364913811740e-01
1.613061390230287628e+01 -8.393412605371914914e-01
1.612098889558835424e+01 -8.283847905059056327e-01
1.612692870477350127e+01 -8.306568074214579767e-01
1.882354170763037970e+01 -3.634607468765180260e-01
1.869329394599455796e+01 -3.163665829738339375e-02
2.137467961667573846e+01 -2.976758128169204598e-01
2.146192874527517702e+01 -3.183492728340120981e-01
2.146187649601921876e+01 -3.298754996822448882e-01
2.146167024663767364e+01 -3.430321053802607434e-01
