-2.909284341592952128e+00 2.823200410755905554e-01
-2.421625910184242336e+00 2.735899080632073765e-01
-1.933967593228192783e+00 2.645325857123663194e-01
-1.446309274820684054e+00 2.559792175031154193e-01
-9.586509579914785917e-01 2.478006666548638326e-01
-4.709928711136220914e-01 2.401720116221927048e-01
1.377496492521462779e-02 2.374997863997178882e-01
1.309735252560548235e-02 4.277208038223958564e-01
3.413737503980689425e-01 7.743367897262640742e-01
6.670427956047157991e-01 1.131276998137650702e+00
9.927093321518550839e-01 1.489366592257994171e+00
1.318375868891997760e+00 1.848328803015556465e+00
