3.320021402023172641e+00 4.298099268239379822e-01
3.335291147732259986e+00 4.122961576076474288e-01
3.357598119552836380e+00 3.867796119962467194e-01
3.375718770290902171e+00 3.661114360420570368e-01
3.385343776997018495e+00 3.551549660107711781e-01
3.379284188921534593e+00 3.574269829263235221e-01
-1.871105448221399570e-02 -1.097690776186164285e-01
-5.146638474753428838e+00 -4.415931661977510747e-01
-8.347071743127202126e+00 -1.755540116782139948e-01
-8.435267360437608275e+00 -1.548805516611223565e-01
-8.435215025451778814e+00 -1.433543248128895664e-01
-8.435008776069057745e+00 -1.301977191148737112e-01
