1.950633267259377845e+01 -4.732298244951344546e-01
1.950633267259377845e+01 -4.732298244951344546e-01
1.950633267259377845e+01 -4.732298244951344546e-01
1.950633267259377845e+01 -4.732298244951344546e-01
1.950633267258537273e+01 -4.732298244951344546e-01
1.950621289369503586e+01 -4.732298244951344546e-01
1.880483065314816571e+01 -4.732298244951344546e-01
1.354665547124112912e+01 -4.732298244951344546e-01
1.302760787354853633e+01 -4.732298244951344546e-01
1.302666138483756875e+01 -4.732298244951344546e-01
1.302666147056743995e+01 -4.732298244951344546e-01
1.302666147056861590e+01 -4.732298244951344546e-01
