-3.109284225248536426e+00 2.309928031234951828e-01
-2.621625908433690810e+00 2.191620575111169755e-01
-2.133967591618846527e+00 2.073313118987384351e-01
-1.646309274804001799e+00 1.955005662863600335e-01
-1.158650957989165065e+00 1.836698206739902084e-01
-6.709928711127498557e-01 1.718394077367754458e-01
-1.862250350719129033e-01 1.665086875372489283e-01
2.130973525256052714e-01 3.626255576579826556e-01
5.413737503903461867e-01 7.193213776778853985e-01
8.670427956037662920e-01 1.082476618061490203e+00
1.192709332127179778e+00 1.445645871307606134e+00
1.518375868891393754e+00 1.808815125695225845e+00
