-1.999951612279646795e-01 -4.872751990689087875e-02
-1.999999998446666538e-01 -5.153757970095629304e-02
-1.999999986013594189e-01 -5.408874588406838158e-02
-1.999999999946957541e-01 -5.720799421953565167e-02
-1.999999999985084820e-01 -6.076436209449883469e-02
-1.999999999806932882e-01 -6.497179713449696692e-02
-1.524910309963346811e-01 -6.760473651532775130e-02
1.999999998831856196e-01 -6.148931384298905733e-02
1.999999998018745506e-01 -5.047247559907575010e-02
1.999999976255254497e-01 -4.474165406967456349e-02
1.999999979966082808e-01 -3.989378611462179869e-02
1.999999999995676347e-01 -3.590049553395591175e-02
