-3.119003773375932820e+00 6.860877411364588174e-02
-2.622384915413789486e+00 6.616104779864004359e-02
-2.125766057451647484e+00 6.371332148363419157e-02
-1.629147199489504372e+00 6.126559516862828403e-02
-1.132528341527391458e+00 5.881786885364826550e-02
-6.359100544891371776e-01 5.637099222345930832e-02
-1.441996484547403701e-01 6.490042729419806533e-02
2.480719681615380923e-01 2.991663607601958708e-01
5.780744444244371172e-01 6.678188576093396778e-01
9.064670818928780571e-01 1.040365429113292883e+00
1.234858745573672367e+00 1.412917702512239915e+00
1.563250409322781476e+00 1.785469976197235020e+00
