0.000000000000000000e+00
1.160288454095931981e-02
2.754709067384572465e-03
8.493737231090456308e-02
7.121143205681680632e-02
6.825385953155822805e-02
3.810277117716190376e-02
5.964165666040763779e-03
3.345825479431396854e-02
2.292031171174069293e-02
9.677670696044863435e-03
4.265284394935896228e-02
2.004491883245891615e-01
4.701014640995744287e-01
3.069980562674056723e-01
2.957480597800674627e-01
3.730831750665877800e-01
3.892305750467817127e-01
3.626905723862877129e-01
3.550272627947660409e-01
3.469296662183097846e-01
3.379009842558772236e-01
3.306004684569209817e-01
3.212373200281186669e-01
3.113641614373122701e-01
3.051247812269952675e-01
3.010946369337083595e-01
2.950712203506957731e-01
2.877100415398852196e-01
2.802960999754628979e-01
