0.000000000000000000e+00
1.850791125482828073e-07
4.767972080436779600e-07
1.486395701639448298e-05
9.508827281287034975e-04
1.594737051988854128e-03
7.480274073540169044e-03
5.020799402541412798e-03
5.157281575145732100e-02
4.817259971420907727e-02
2.588030727415097446e-02
4.394763688298834042e-02
6.193428087915417435e-02
8.780166162799905860e-02
8.321641286926298453e-02
5.515944335389606767e-02
4.090266404084660357e-01
8.187431992452336438e-01
7.998656195823732329e-01
7.258469924597384937e-01
7.874960333521510147e-01
8.462584989235708566e-01
8.740641967055530204e-01
8.912073853347528551e-01
8.887117977284009207e-01
8.849204076476470116e-01
8.818967158174928489e-01
8.831206106348601370e-01
8.780603378006546222e-01
8.744399757402483431e-01
