1.597066277631023112e+01 -5.576730852040607811e-01
1.594525128515897094e+01 -5.296220615494454664e-01
1.591952862306882999e+01 -5.013281764241386274e-01
1.589897178100388864e+01 -4.787888750523844883e-01
1.588759691482757042e+01 -4.663445705124176777e-01
1.589620980320445298e+01 -4.669026267832908639e-01
1.879650499656885643e+01 -1.394036892987282667e-08
1.901569252737165883e+01 -8.226048824745334023e-09
2.145101511816762141e+01 -3.169483916156876319e-07
2.153223559511775775e+01 -4.297122474511230502e-08
2.153236809732038637e+01 4.040367295389654580e-06
2.153212074664065767e+01 1.032103705655819936e-01
