3.616069131880504273e+00 5.046694520900790737e-01
3.641480623031764452e+00 4.766184284354637590e-01
3.667203285121905409e+00 4.483245433101569200e-01
3.687760127186846759e+00 4.257852419384027809e-01
3.699134993339141531e+00 4.133409373984359703e-01
3.690280761049383074e+00 4.138989936693091565e-01
-1.855335889968365848e-01 -5.300361917361277875e-02
-5.892589902354142595e+00 -5.300362488793288612e-02
-8.791872462829539714e+00 -5.300331616559009196e-02
-8.874029800960405723e+00 -5.300359014275696223e-02
-8.874162227737029340e+00 -5.300767348127709971e-02
-8.873914877055417705e+00 -1.562140036795637010e-01
