1.958673190819073540e+01 -5.300363311398170740e-02
1.958673190819073540e+01 -5.300363311398170740e-02
1.958673190819073540e+01 -5.300363311398170740e-02
1.958673190819073540e+01 -5.300363311398170740e-02
1.958673190816671195e+01 -5.300363311398170740e-02
1.958649056425383606e+01 -5.300363311398170740e-02
1.861097140757201984e+01 -5.300363311398170740e-02
1.312310262501751623e+01 -5.300363311398170740e-02
1.265914265533808170e+01 -5.300363311398170740e-02
1.265820579415735203e+01 -5.300363311398170740e-02
1.265820586958335703e+01 -5.300363311398170740e-02
1.265820586958523997e+01 -5.300363311398170740e-02
