-3.092538213352387988e+00 7.767108118768525915e-02
-2.602869915647619603e+00 7.634599035983576087e-02
-2.113201617942849442e+00 7.502089953198620709e-02
-1.623533320238081723e+00 7.369580870413658391e-02
-1.133865022533342204e+00 7.237071787631184361e-02
-6.441972007957705859e-01 7.104631706566040539e-02
-1.587866216238057460e-01 7.900114919128355118e-02
2.293030997050950759e-01 3.026832333985531309e-01
5.480926246057576945e-01 6.710582869117331928e-01
8.645503628173470956e-01 1.044720906238059577e+00
1.181005509326507497e+00 1.418395814130972044e+00
1.497460656066135209e+00 1.792070723303118118e+00
