-1.721485893563423630e-02 2.508550306886653258e-02
-1.999996472390899172e-01 -5.884244423008555547e-02
-1.999999309998710117e-01 -6.048443663109764890e-02
-1.999999998762660436e-01 -6.544766391759221369e-02
-1.999999999984518606e-01 -7.015323892028202390e-02
-1.999999999964029440e-01 -7.489904111271428189e-02
-1.999999999998824940e-01 -7.947865280384042164e-02
4.487863426013975754e-03 -8.053228896140579574e-02
1.999999999999407529e-01 -7.667434506049380927e-02
1.999999999847840160e-01 -6.789959467862793918e-02
1.999999999870032408e-01 -6.044112469412832311e-02
1.999999999999797495e-01 -5.421074657622071413e-02
