1.545824327383426144e+01 -1.260635060897025671e-03
1.545727215021323886e+01 -2.598247616882670089e-04
1.545702211112620894e+01 -2.163114440834227461e-06
1.545702013179156253e+01 -1.234740655518295329e-07
1.545702519834511968e+01 -4.583648107725410194e-08
1.592425173697282226e+01 -4.847473875648810287e-09
1.633078217645904573e+01 -7.637934405782094294e-09
2.062549223464633030e+01 -3.329923412041972380e-09
2.152320431597662775e+01 -2.176989584886956813e-08
2.153876968163071481e+01 -1.004348474176771078e-08
2.153878983557480353e+01 2.162417212144410655e-05
2.151463866492865051e+01 1.019701313135687792e+00
