-1.999467574604132381e-01 -3.441759992166831816e-02
-1.999999437535984192e-01 -4.664294303540381104e-02
-1.999998332899153297e-01 -4.981640493361211286e-02
-1.999999999626740355e-01 -5.257799093209611363e-02
-1.999999990455703092e-01 -5.590181569199786926e-02
-1.999999998538005141e-01 -6.063247839758684199e-02
1.999999990918714110e-01 -6.150776500575189099e-02
1.999999978921006005e-01 -4.765301582023684368e-02
1.999999950525019887e-01 -3.954485194654244751e-02
1.999999730149926158e-01 -3.498877151661816676e-02
1.999999986299001442e-01 -3.075109427919886507e-02
1.999999998884249841e-01 -2.561212425201375709e-02
