4.119140414316545318e+00 8.047004755858268021e-01
4.120111537937567903e+00 8.036996652866180701e-01
4.120361577024597821e+00 8.034420036393705722e-01
4.120363556359244228e+00 8.034399639989953101e-01
4.120358354292614322e+00 8.034398863614108377e-01
3.620753228725147821e+00 8.034398453724036493e-01
-1.282472734384034752e+00 8.034398481628641786e-01
-8.960477873890235756e+00 8.034398438548532306e-01
-9.939911711554218599e+00 8.034398622948256685e-01
-9.955559563541511281e+00 8.034398505684144931e-01
-9.955579708094752789e+00 8.034182163528083009e-01
-9.931428537448306670e+00 -2.162614726107580099e-01
