-2.861737873945275457e+00 1.459659366512837120e-01
-2.372303281741503067e+00 1.660519326644069593e-01
-1.882868689537732454e+00 1.861379286775302899e-01
-1.393434097333962951e+00 2.062239246906536205e-01
-9.039995053313110152e-01 2.263099209132791167e-01
-4.146520548489009417e-01 2.465428831168584023e-01
3.878331587714586859e-02 3.395273603039996035e-01
3.560474435249383340e-01 6.874548004680032243e-01
6.459861940533084823e-01 1.081790731642181314e+00
9.355666597790048833e-01 1.476875615966725119e+00
1.225146912938332333e+00 1.871961611866185704e+00
1.514727166125340085e+00 2.267047607879310256e+00
