1.874494011805148830e+01 -1.255889863604699341e+00
1.872856149583759944e+01 -1.233579703956095175e+00
1.871482916349218328e+01 -1.214917016861943422e+00
1.870830584753992909e+01 -1.206065255002194192e+00
1.871456893269658295e+01 -1.210768601441646108e+00
2.076583320634049201e+01 -8.731321559626742390e-01
2.202240412321129170e+01 -7.240268054170149181e-01
2.322389070741646577e+01 -8.675267692082214710e-01
2.322721655172573563e+01 -8.773549690337023588e-01
2.322672347501765344e+01 -8.903145993641226053e-01
2.322613949922153509e+01 -9.054211359794772651e-01
2.322550963084419706e+01 -9.214368444668490366e-01
