2.686584059549694814e+00 2.745056903086864342e-01
2.702962681763583674e+00 2.521955306600822677e-01
2.716695014108999828e+00 2.335328435659305146e-01
2.723218330060429793e+00 2.246810817061812848e-01
2.716858281381774987e+00 2.293844281456332013e-01
-2.595630533547037544e-01 -1.082520173333386682e-01
-5.683405476388465161e+00 -2.573573678789979891e-01
-6.983455045635967195e+00 -1.138574040877914362e-01
-6.986780788686512977e+00 -1.040292042623105484e-01
-6.986287711958159008e+00 -9.106957393189030192e-02
-6.985703736162040656e+00 -7.596303731653564206e-02
-6.985073867784702628e+00 -5.994732882916387062e-02
