3.568565065601589481e+00 4.422163994783812058e-01
3.592719697520500688e+00 4.142155487554807225e-01
3.611734315012554930e+00 3.922387129930261507e-01
3.621095446716616095e+00 3.814404109941859078e-01
3.587288085826180861e+00 3.787616081379462374e-01
-3.902232907352534141e-01 6.970908232815720140e-02
-7.126967138796986845e+00 6.970908140273361642e-02
-8.429188931332163293e+00 6.970908978869717887e-02
-8.438447625822995235e+00 6.970912848179548760e-02
-8.438447408571130737e+00 6.068253587917360470e-02
-8.437415883940319716e+00 -1.455224788999815999e-01
-8.437537016794246725e+00 -1.325144612453625081e-01
