2.055354696319747276e+01 6.970907807062556860e-02
2.055354696319747276e+01 6.970907807062556860e-02
2.055354696319747276e+01 6.970907807062556860e-02
2.055354696302836714e+01 6.970907807062556860e-02
2.055224604391125354e+01 6.970907807062556860e-02
1.849196087175157999e+01 6.970907807062556860e-02
1.408486675288538414e+01 6.970907807062556860e-02
1.397703833391498307e+01 6.970907807062556860e-02
1.397701757911606535e+01 6.970907807062556860e-02
1.397701757980975579e+01 6.970907807062556860e-02
1.397701757980975579e+01 6.970907807062556860e-02
1.397701757980975579e+01 6.970907807062556860e-02
