-2.643393868623781895e+00 5.171474256229690036e-01
-2.133462446544819535e+00 4.706171972199578168e-01
-1.623531024465856953e+00 4.240869688169465190e-01
-1.113599602386952103e+00 3.775567404139922867e-01
-6.036692309440622184e-01 3.310284361183595814e-01
-9.977397111944369401e-02 3.023331752678568018e-01
3.240507010694173018e-01 5.279557427858623253e-01
7.170594057876109595e-01 8.554507758459964917e-01
1.109873252379549813e+00 1.183920436606307414e+00
1.502687109728962911e+00 1.512390208203209907e+00
1.895500967078427301e+00 1.840859979800199442e+00
2.288314824427894134e+00 2.169329751397189199e+00
