1.822401145756787599e+01 -2.061777780530659410e+00
1.820942741848172375e+01 -2.041260057514030279e+00
1.819934443156483184e+01 -2.027103250730565964e+00
1.819603188755678858e+01 -2.022457459745743868e+00
1.821050612196782836e+01 -2.027921593858965199e+00
1.961792735617348526e+01 -1.739670917184320098e+00
2.134063124064841688e+01 -1.655536278900042513e+00
2.227534530115715583e+01 -1.783047471029770792e+00
2.227786864300496816e+01 -1.791299190525315055e+00
2.227685651701223435e+01 -1.803843542672013633e+00
2.227561564723990628e+01 -1.819102894954303329e+00
2.227425582452249486e+01 -1.835678422196038051e+00
