-2.443393870445987659e+00 5.785906424304801954e-01
-1.933462453170409656e+00 5.376340399694989891e-01
-1.423531024466865524e+00 4.962321664987421332e-01
-9.135996023879850991e-01 4.546752620137880507e-01
-4.036692309599577144e-01 4.127832778547480541e-01
-4.045320809550356084e-02 3.853254159051818784e-01
1.240507010714131386e-01 6.087965887375793583e-01
5.170594058324680109e-01 9.275035660996473474e-01
9.098732523837318453e-01 1.248096474141402679e+00
1.302687109739886440e+00 1.569947326149935707e+00
1.695500967747375132e+00 1.893009363855192362e+00
2.088314826488840481e+00 2.217132271079987671e+00
