2.173245425590632607e+00 2.005686444102163790e-01
2.187829464676784852e+00 1.800509213935872488e-01
2.197912451593676764e+00 1.658941146101229336e-01
2.201224995553097585e+00 1.612483236253008378e-01
2.186226903122197029e+00 1.667124577385221684e-01
-4.548210748042187390e-01 -1.215382189361229326e-01
-5.567682059352829782e+00 -2.056728572204005179e-01
-6.562794203110712488e+00 -7.816166509067223878e-02
-6.565314349058535726e+00 -6.990994559512797579e-02
-6.564302223033628536e+00 -5.736559344842939723e-02
-6.563061353261300468e+00 -4.210624116613970180e-02
-6.561701530543889049e+00 -2.553071392440497966e-02
