-1.999999981777942359e-01 -6.144321680751119175e-02
-1.999999933744098790e-01 -6.701684274954117226e-02
-1.999999999989914290e-01 -7.214519768179561421e-02
-1.999999999989670041e-01 -7.711852159979576404e-02
-1.999999999841045040e-01 -8.175484173638847274e-02
-5.932076302394013317e-02 -8.299224063732507650e-02
1.999999999980041632e-01 -8.084084595171703302e-02
1.999999999551429486e-01 -7.205279025365085577e-02
1.999999999958179675e-01 -6.417603753509526499e-02
1.999999999890764713e-01 -5.755711794672579984e-02
1.999999993310521695e-01 -5.214938405499291996e-02
1.999999979390536531e-01 -4.780251968279847219e-02
