2.039725688315850860e+01 -1.861209136120443031e+00
2.039725688315850860e+01 -1.861209136120443031e+00
2.039725688315850860e+01 -1.861209136120443031e+00
2.039725688310988616e+01 -1.861209136120443031e+00
2.039673302509002539e+01 -1.861209136120443031e+00
1.916310628136926653e+01 -1.861209136120443031e+00
1.577294918129558710e+01 -1.861209136120443031e+00
1.571255109804644334e+01 -1.861209136120443031e+00
1.571255429394643244e+01 -1.861209136120443031e+00
1.571255429397860581e+01 -1.861209136120443031e+00
1.571255429397860581e+01 -1.861209136120443031e+00
1.571255429397860581e+01 -1.861209136120443031e+00
