3.144232273974978398e+00 3.147657544896527160e-01
3.155923240184836942e+00 3.002323257872255846e-01
3.156941319810918856e+00 2.989422564469798038e-01
2.219903627377028954e+00 1.272826287337004425e-01
-3.030052614549896717e+00 -3.637636447969792020e-01
-7.604896232878115114e+00 -1.624788701631163512e-01
-7.724341865238706362e+00 -1.393965996831367238e-01
-7.724215331420730024e+00 -1.277857616528905171e-01
-7.723984088497145351e+00 -1.141441553749760751e-01
-7.723724908108929199e+00 -9.940008217421048009e-02
-7.723482340534049584e+00 -8.607146851042207780e-02
-7.723162109239202877e+00 -6.909986858114375297e-02
