2.078751038577135901e+01 -5.046150129230037029e-01
2.078751038577135901e+01 -5.046150129230037029e-01
2.078750968342820116e+01 -5.046150129230037029e-01
2.068210837660063461e+01 -5.046150129230037029e-01
1.595929278869511059e+01 -5.046150129230037029e-01
1.490988799373517182e+01 -5.046150129230037029e-01
1.490835460976643745e+01 -5.046150129230037029e-01
1.490835465188246900e+01 -5.046150129230037029e-01
1.490835465188251696e+01 -5.046150129230037029e-01
1.490835465188251696e+01 -5.046150129230037029e-01
1.490835465188251696e+01 -5.046150129230037029e-01
1.490835465188251696e+01 -5.046150129230037029e-01
