-1.888483840660683422e+00 -4.963433696963590047e-01
-1.368796081016398603e+00 -5.089587450194343887e-01
-8.491083224114658323e-01 -5.215741190277622952e-01
-3.297288694460432934e-01 -5.335182674744436415e-01
1.390820066447257253e-01 -4.155036939149490127e-01
5.172012501599301260e-01 -6.762917180932451200e-02
8.899138563634819699e-01 2.947339319106093147e-01
1.262622722562973809e+00 6.571185561356321925e-01
1.635331588860035490e+00 1.019503180812557419e+00
2.008040455157097615e+00 1.381887805489482979e+00
2.380749321454160849e+00 1.744272430166407872e+00
2.753458187751223640e+00 2.106657054843332322e+00
