9.999999999999984457e-01
9.997226294960165349e-01
9.992107212368623870e-01
9.920820760277555550e-01
9.477224939870738663e-01
9.772648820374092438e-01
9.916784407751986219e-01
9.931321908852150937e-01
9.848621416871931045e-01
9.984058796070358621e-01
9.928561263874006171e-01
9.865712162954365372e-01
9.790947947984973698e-01
9.620506476481391900e-01
8.179672729239590989e-01
3.676511208660515062e-01
2.671811319328502576e-01
2.448719626691960582e-01
1.809714936331626445e-01
1.555331992757501003e-01
1.054575067795905791e-01
9.625292202140188491e-02
9.967824687598238198e-02
1.023632981819569271e-01
1.035150575853576727e-01
1.042971935256007537e-01
1.054817046701610334e-01
1.068854913198441642e-01
1.083690618350018064e-01
1.105539832226023061e-01
