0.000000000000000000e+00
2.773705039692488561e-04
7.892787631377275182e-04
7.917923972246073902e-03
5.227750601292660559e-02
2.273511796258535778e-02
8.321559224800944427e-03
6.867809114785197733e-03
1.513785831280750269e-02
1.594120392964373367e-03
7.143873612600035172e-03
1.342878370456335874e-02
2.090520520150216527e-02
3.794935235186058103e-02
1.820327270760418448e-01
6.323488791339491044e-01
7.328188680671499089e-01
7.551280373308038030e-01
8.190285063668341081e-01
8.444668007242301933e-01
8.945424932203833723e-01
9.037470779785825581e-01
9.003217531240126359e-01
8.976367018180422264e-01
8.964849424146486001e-01
8.957028064744154694e-01
8.945182953298366213e-01
8.931145086801571820e-01
8.916309381650209254e-01
8.894460167773980963e-01
