1.764389512485331224e+01 -3.798795109148975224e-01
1.762436516218675919e+01 -3.563422970186111982e-01
1.761213480011464938e+01 -3.416349454760323479e-01
1.761286985086350754e+01 -3.417742332407511241e-01
1.981165055542477305e+01 -4.008075550003889058e-08
2.048232521263766159e+01 -1.476849670376949205e-09
2.287874729144547103e+01 -4.314891843158663805e-08
2.291406983436442957e+01 -1.355646038262746041e-07
2.291407762743518717e+01 2.185247877351092355e-03
2.291360661689250477e+01 1.469356953091905393e-01
2.291369020882032359e+01 1.332640479191324612e-01
2.291376692517051694e+01 1.193465174087942893e-01
