-1.999999870647419797e-01 -5.163470294171934594e-02
-1.999999999323831545e-01 -5.491497445513060516e-02
-1.999999999999622080e-01 -5.862168803222575497e-02
-1.999999999971394660e-01 -6.288443061573836812e-02
-1.999999996847639794e-01 -6.657347567145915912e-02
1.999999999764603131e-01 -6.339613153925466316e-02
1.999999998127013345e-01 -5.255586304895198957e-02
1.999999997141326258e-01 -4.626638756814993592e-02
1.999999981588147513e-01 -4.085589292831426356e-02
1.999999998862238559e-01 -3.666480035091868039e-02
1.999999999930603956e-01 -3.398855121481414443e-02
1.999999723336434165e-01 -3.263578885981921474e-02
