-2.329903489165371600e+00 1.482694746823869647e-01
-1.802495399148470012e+00 1.485050958664347887e-01
-1.275087309131568869e+00 1.487407170504824183e-01
-7.476792429483591906e-01 1.489763713829631298e-01
-2.218885256691366936e-01 1.528669445087855183e-01
2.234517378872087345e-01 3.515523169358797939e-01
5.959656155578625381e-01 7.218397433483115799e-01
9.665839073676024684e-01 1.097072141669750645e+00
1.337201739536116651e+00 1.472307762825652899e+00
1.707819571712715589e+00 1.847543384009700196e+00
2.078437403889314083e+00 2.222779005193747714e+00
2.449055236065914798e+00 2.598014626377794567e+00
