1.529068138551570399e+01 -2.819472926211502584e-01
1.527138107681179413e+01 -2.619223527217549585e-01
1.526474542293693126e+01 -2.550361840484146048e-01
1.573884677541327193e+01 -1.291606739652015334e-01
1.601291876168371786e+01 -6.923147948469039431e-09
2.038768787359159873e+01 -1.647197939222415838e-08
2.121133520996878374e+01 -2.739728972508271529e-08
2.122323065377133133e+01 -1.280031707444992312e-07
2.122324227588298839e+01 5.626964456347719032e-05
2.121951096018248251e+01 3.979539436555352694e-01
2.121972611405488252e+01 3.863112411938668389e-01
2.121994023061055046e+01 3.743652493103188927e-01
