-1.638056028365197037e+00 5.308996493077291490e-01
-1.156926363010944536e+00 5.392195577413131380e-01
-6.757966985258218040e-01 5.482921948131674883e-01
-1.947911584257166207e-01 5.584050416801378258e-01
-1.511164221441464450e-01 6.437907721112330339e-01
1.665206819695906892e-01 9.684723648601240020e-01
4.612527503460144840e-01 1.340444199283781890e+00
7.557329079535930472e-01 1.716242394772108604e+00
1.050212987127778774e+00 2.092709285701564337e+00
1.344693054291853374e+00 2.468834771531843497e+00
1.639173128795774259e+00 2.846957361716043078e+00
1.933653201295354451e+00 3.226051979801489278e+00
