-1.838056028026586297e+00 4.775330222455782536e-01
-1.356926363009154812e+00 4.830560102775007247e-01
-8.757966985165467344e-01 4.885789988812708762e-01
-3.947911584252655204e-01 4.943224196187293584e-01
4.888357726351678922e-02 5.797355516944444620e-01
3.665206819688164308e-01 9.170212851641589280e-01
6.612527482708042692e-01 1.296934198065707644e+00
9.557329078258943733e-01 1.677456464952055359e+00
1.250212981049392047e+00 2.057979452930831954e+00
1.544693054290124490e+00 2.438502440962754036e+00
1.839173127530856933e+00 2.819025428994676563e+00
2.133653200771589376e+00 3.199548417026596425e+00
