9.999999999999997780e-01
9.999601639982862444e-01
9.987138286028088840e-01
9.852708554628686333e-01
9.330970072622346567e-01
9.868413018929885760e-01
9.623033158999501069e-01
9.260198024335128952e-01
9.318796345722576424e-01
9.506322863551660562e-01
9.165288604201520251e-01
9.227990331878053176e-01
8.798456848111723128e-01
5.959013096327975267e-01
3.058779285543560267e-01
3.045554121116167967e-01
8.322965864697334792e-02
2.417409207124495904e-02
1.001149228948582104e-02
1.344420828537730428e-02
1.498399828560924817e-02
6.373469873324664851e-03
6.342874811342887921e-03
6.603546548094980061e-03
6.555069189385484031e-03
6.178088850147055167e-03
6.015643395162399536e-03
6.182751964573180228e-03
6.373422647112167785e-03
6.362013312929606403e-03
