1.000000000000012657e+00
9.787489905527758660e-01
9.858164090548545699e-01
9.137973670804264703e-01
9.610145992926701908e-01
9.831328255458025023e-01
9.486277033799406233e-01
9.659225719315395198e-01
8.219511416523835878e-01
9.035982304528499265e-01
9.239260723643301088e-01
9.513457212623661619e-01
9.303572146204363014e-01
9.343600930857923759e-01
9.412048091412833495e-01
9.568862759320633238e-01
9.315624221457869947e-01
4.430156503154404346e-01
1.296021444005140688e-01
1.890003683032902559e-01
2.370943400310769333e-01
1.596027190374992855e-01
1.456662393426145508e-01
1.484418821997577353e-01
1.510122006717349308e-01
1.512616831217059588e-01
1.656975318239322648e-01
1.625750543556684358e-01
1.749364821569894257e-01
1.862350663121191130e-01
