1.630665489887714159e+01 -5.531644874974575021e-01
1.630496048552277699e+01 -5.512521690660323603e-01
1.628058561050331932e+01 -5.237925375652818794e-01
1.626094941369278146e+01 -5.017389152456359636e-01
1.625031661568358388e+01 -4.898221984676570662e-01
1.626063987445009573e+01 -4.908322204766468189e-01
1.897407474124603155e+01 -6.505708427926756851e-08
1.958546393079330628e+01 -3.744691218481844249e-11
2.173574247782196167e+01 -2.280299418657849155e-07
2.178568644436668578e+01 -1.589081303678480168e-07
2.178573042768224610e+01 3.183231293805344382e-05
2.178567283131855348e+01 5.009593970643259897e-02
