-2.919008612147968140e+00 1.173362940205367605e-01
-2.422384915569122832e+00 1.176986274995963366e-01
-1.925766058850288065e+00 1.178020673677025731e-01
-1.429147199494808618e+00 1.184735893881639357e-01
-9.325283415288829758e-01 1.195822309481471002e-01
-4.359100545084438894e-01 1.213427893579562822e-01
8.291382541594310984e-03 1.325051638095258166e-01
4.807196827835247266e-02 3.606556746031849281e-01
3.780744446225625666e-01 7.182913332084154279e-01
7.064670842673526074e-01 1.085107083182967447e+00
1.034858747577064086e+00 1.452811488626861713e+00
1.363250409323213841e+00 1.821370471731190932e+00
