3.558099419608584668e+00 4.552554348972229770e-01
3.559793832962949267e+00 4.533431164657978352e-01
3.584168707982406943e+00 4.258834849650473542e-01
3.603804904792944797e+00 4.038298626454014384e-01
3.614437702777149042e+00 3.919131458674225410e-01
3.603823850361202119e+00 3.929231678764122937e-01
-2.109990431842483360e-01 -9.790898754315026375e-02
-6.104672010251547931e+00 -9.790905256278763236e-02
-8.599683911320093799e+00 -9.790882457029267960e-02
-8.650019920639369531e+00 -9.790889369210417637e-02
-8.650063877718071836e+00 -9.794088491317259892e-02
-8.650006281354196247e+00 -1.480049923066671380e-01
