1.986475431848572626e+01 -9.790905260023453904e-02
1.986475431848572626e+01 -9.790905260023453904e-02
1.986475431848572626e+01 -9.790905260023453904e-02
1.986475431848572626e+01 -9.790905260023453904e-02
1.986475431846073292e+01 -9.790905260023453904e-02
1.986446372481129785e+01 -9.790905260023453904e-02
1.876307569806178321e+01 -9.790905260023453904e-02
1.348079192054175834e+01 -9.790905260023453904e-02
1.313605856650186787e+01 -9.790905260023453904e-02
1.313566652372731625e+01 -9.790905260023453904e-02
1.313566654996417427e+01 -9.790905260023453904e-02
1.313566654996435723e+01 -9.790905260023453904e-02
