-1.999998716013382527e-01 -4.711340962604743110e-02
-1.999999896414066392e-01 -5.390446490667996637e-02
-1.999999999972450482e-01 -5.710225212794983740e-02
-1.999999999891033386e-01 -6.075127244563835460e-02
-1.999999999957547958e-01 -6.486989700388173796e-02
-1.999999999999997335e-01 -6.928498233868501943e-02
1.999999999986746269e-01 -6.781390650901486516e-02
1.999999999970334952e-01 -5.816269420170450122e-02
1.999999999850181620e-01 -5.093519654505729299e-02
1.999999999981699750e-01 -4.530629135537467267e-02
1.999999999715540433e-01 -4.072355634369961841e-02
1.999999995892731697e-01 -3.729997031374376881e-02
