3.252841751020930872e+00 4.033960673139271869e-01
3.278760214487814295e+00 3.720782409198030161e-01
3.298382104991972597e+00 3.484455661147558558e-01
3.312119474002972908e+00 3.319394551356222856e-01
3.315220670467656561e+00 3.282156405861027526e-01
2.850130815325048417e+00 2.352128726871809405e-01
-1.697360993471917823e+00 -2.864347177758213014e-01
-7.719826994285643451e+00 -1.984245944915296322e-01
-8.022853565920781804e+00 -1.529005719529505647e-01
-8.023223486073753463e+00 -1.416997058777920426e-01
-8.023097437159060874e+00 -1.287511355947096314e-01
-8.022951165295308940e+00 -1.146066959756986969e-01
