2.049562942157376355e+01 -3.529501684265772266e-01
2.049562942157376355e+01 -3.529501684265772266e-01
2.049562942157376355e+01 -3.529501684265772266e-01
2.049562942157376355e+01 -3.529501684265772266e-01
2.049562930508442804e+01 -3.529501684265772266e-01
2.045549695122318212e+01 -3.529501684265772266e-01
1.619175629525771853e+01 -3.529501684265772266e-01
1.434865506231603760e+01 -3.529501684265772266e-01
1.434082716762102727e+01 -3.529501684265772266e-01
1.434082739730263256e+01 -3.529501684265772266e-01
1.434082739730546585e+01 -3.529501684265772266e-01
1.434082739730546585e+01 -3.529501684265772266e-01
