1.556131751765639186e-12
6.291017405145188719e-12
1.430568533837864629e-11
2.570290070658706203e-11
4.058718196443876298e-11
5.906481762480828695e-11
8.124388326775290468e-11
1.072342588154834806e-10
1.371476460888801538e-10
1.710975866601947137e-10
2.091994800208127907e-10
2.515706020782879036e-10
2.983301240019430337e-10
3.495991314341108566e-10
4.055006440861905968e-10
4.661596357351829276e-10
5.317030546452440481e-10
6.022598444308332320e-10
6.779609653791997153e-10
7.589394162568601473e-10
8.453302566225901633e-10
9.372706296613463894e-10
1.034899785566770287e-09
1.138359105495013241e-09
1.247792126110306488e-09
1.363344564747111796e-09
1.485164345210082253e-09
1.613401624240446089e-09
1.748208818668366001e-09
1.889740633285192724e-09
2.038154089446059745e-09
2.193608554448014634e-09
2.356265771690768078e-09
2.526289891663566190e-09
2.703847503771485701e-09
2.889107669044142267e-09
3.082241953735418295e-09
3.283424463860563004e-09
3.492831880690934374e-09
3.710643497237608216e-09
3.937041255751614138e-09
4.172209786266533648e-09
4.416336446238396348e-09
4.669611361268181024e-09
4.932227466987239605e-09
5.204380552099972047e-09
5.486269302640364757e-09
5.778095347461126583e-09
6.080063304979587593e-09
6.392380831250142442e-09
6.715258669343917045e-09
7.048910700119394864e-09
7.393553994380267273e-09
7.749408866470119805e-09
8.116698929348279587e-09
8.495651151162315398e-09
8.886495913365677196e-09
9.289467070407552046e-09
9.704802011037310428e-09
1.013274172125577981e-08
1.057353084895257371e-08
1.102741777026141198e-08
1.149465465767048515e-08
1.197549754994090984e-08
1.247020642383804305e-08
1.297904526774910589e-08
1.350228215719057735e-08
1.404018933228572730e-08
1.459304327720565943e-08
1.516112480164024884e-08
1.574471912433233282e-08
1.634411595871127102e-08
1.695960960066836752e-08
1.759149901850542202e-08
1.824008794512491903e-08
1.890568497245156648e-08
1.958860364815926287e-08
2.028916257476854562e-08
2.100768551109214054e-08
2.174450147611900330e-08
2.249994485536513921e-08
2.327435550971558006e-08
2.406807888683314202e-08
2.488146613514176340e-08
2.571487422046061875e-08
2.656866604528664692e-08
2.744321057082235923e-08
2.833888294174279999e-08
2.925606461378371236e-08
3.019514348416131551e-08
3.115651402490363182e-08
3.214057741909574638e-08
3.314774170011134395e-08
3.417842189389195001e-08
3.523304016425020500e-08
3.631202596135776421e-08
3.741581617330635221e-08
3.854485528095094428e-08
3.969959551596504895e-08
4.088049702220271454e-08
4.208802802044960053e-08
4.332266497644528360e-08
4.458489277251667677e-08
4.587520488258802642e-08
4.719410355073099079e-08
4.854209997335083233e-08
4.991971448497709940e-08
5.132747674774074068e-08
5.276592594460622938e-08
5.423561097633387478e-08
5.573709066236930950e-08
5.727093394554082655e-08
5.883772010072319967e-08
6.043803894748347831e-08
6.207249106682454273e-08
6.374168802195429569e-08
6.544625258321436163e-08
6.718681895727973108e-08
6.896403302055952310e-08
7.077855255692014355e-08
7.263104749980791933e-08
7.452220017878076406e-08
7.645270557053446525e-08
7.842327155445251131e-08
8.043461917283273143e-08
8.248748289567184640e-08
8.458261089024771972e-08
8.672076529547773650e-08
8.890272250110279516e-08
9.112927343178071531e-08
9.340122383620265693e-08
9.571939458117523049e-08
9.808462195083938542e-08
1.004977579510755357e-07
1.029596706191244366e-07
1.054712443385092962e-07
1.080333801593146822e-07
1.106469961239759742e-07
1.133130275984776758e-07
1.160324276092494280e-07
1.188061671856159898e-07
1.216352357080803644e-07
1.245206412622740395e-07
1.274634109989960707e-07
1.304645914999893040e-07
1.335252491499064909e-07
1.366464705143725652e-07
1.398293627241825085e-07
1.430750538658240913e-07
1.463846933784408957e-07
1.497594524570809049e-07
1.532005244626186548e-07
1.567091253382854053e-07
1.602864940328541337e-07
1.639338929306569328e-07
1.676526082885537973e-07
1.714439506798059990e-07
1.753092554450982877e-07
1.792498831507128563e-07
1.832672200539932416e-07
1.873626785762172753e-07
1.915376977828838768e-07
1.957937438716448464e-07
2.001323106679342838e-07
2.045549201283078050e-07
2.090631228518222997e-07
2.136584985993089501e-07
2.183426568208569636e-07
2.231172371914758590e-07
2.279839101551565601e-07
2.329443774773893199e-07
2.380003728063084368e-07
2.431536622424945209e-07
2.484060449176771711e-07
2.537593535823246157e-07
2.592154552024226548e-07
2.647762515654036230e-07
2.704436798954879267e-07
2.762197134784021297e-07
2.821063622958636996e-07
2.881056736697649697e-07
2.942197329161890887e-07
3.004506640095891478e-07
3.068006302571142339e-07
3.132718349832469966e-07
3.198665222249236712e-07
3.265869774373665284e-07
3.334355282105853912e-07
3.404145449969692484e-07
3.475264418499399605e-07
3.547736771737716585e-07
3.621587544849889782e-07
3.696842231853399989e-07
3.773526793464543205e-07
3.851667665065658526e-07
3.931291764792006868e-07
4.012426501743869208e-07
4.095099784321124206e-07
4.179340028685302690e-07
4.265176167350735796e-07
4.352637657905099030e-07
4.441754491862546103e-07
4.532557203650924380e-07
4.625076879735289047e-07
4.719345167879498464e-07
4.815394286547341797e-07
4.913257034447053433e-07
5.012966800219366671e-07
5.114557572271717112e-07
5.218063948761651968e-07
5.323521147730354256e-07
5.430965017389438660e-07
5.540432046562763950e-07
5.651959375286040238e-07
5.765584805565227364e-07
5.881346812297622922e-07
5.999284554357504417e-07
6.119437885847886240e-07
6.241847367522408506e-07
6.366554278378161364e-07
6.493600627422106604e-07
6.623029165616154394e-07
6.754883397998866489e-07
6.889207595992010640e-07
7.026046809887945927e-07
7.165446881528284025e-07
7.307454457168169272e-07
7.452117000536315453e-07
7.599482806088288925e-07
7.749601012459581398e-07
7.902521616117683579e-07
8.058295485220447340e-07
8.216974373678038604e-07
8.378610935427698790e-07
8.543258738918503727e-07
8.710972281814597770e-07
8.881807005913569003e-07
9.055819312290529060e-07
9.233066576663746074e-07
9.413607164991481613e-07
9.597500449297079707e-07
9.784806823731549088e-07
9.975587720870759790e-07
1.016990562825897599e-06
1.036782410519007902e-06
1.056940779974320830e-06
1.077472246606640729e-06
1.098383498191567092e-06
1.119681336645339481e-06
1.141372679830685092e-06
1.163464563389575068e-06
1.185964142602585701e-06
1.208878694275766171e-06
1.232215618655065362e-06
1.255982441368954279e-06
1.280186815399299131e-06
1.304836523081222006e-06
1.329939478132165961e-06
1.355503727710559053e-06
1.381537454504451898e-06
1.408048978850609025e-06
1.435046760884537265e-06
1.462539402721613805e-06
1.490535650669914018e-06
1.519044397475330529e-06
1.548074684598900696e-06
1.577635704527400688e-06
1.607736803117151081e-06
1.638387481971690008e-06
1.669597400853850252e-06
1.701376380132442922e-06
1.733734403264126881e-06
1.766681619311183478e-06
1.800228345495224535e-06
1.834385069787435825e-06
1.869162453536251577e-06
1.904571334132108270e-06
1.940622727710761507e-06
1.977327831894774217e-06
2.014698028574381937e-06
2.052744886727533790e-06
2.091480165280488344e-06
2.130915816008569845e-06
2.171063986478138101e-06
2.211937023030486509e-06
2.253547473807389103e-06
2.295908091819856457e-06
2.339031838059798036e-06
2.382931884655719249e-06
2.427621618072420174e-06
2.473114642356229499e-06
2.519424782424957991e-06
2.566566087404409984e-06
2.614552834011266100e-06
2.663399529983639111e-06
2.713120917558635463e-06
2.763731976999070127e-06
2.815247930168779966e-06
2.867684244157597789e-06
2.921056634956599939e-06
2.975381071184085643e-06
3.030673777863257978e-06
3.086951240251813991e-06
3.144230207724319362e-06
3.202527697707757684e-06
3.261860999671549463e-06
3.322247679171880758e-06
3.383705581951638678e-06
3.446252838096146879e-06
3.509907866245721719e-06
3.574689377865738564e-06
3.640616381574405175e-06
3.707708187529829948e-06
3.775984411875954279e-06
3.845464981249494178e-06
3.916170137346584145e-06
3.988120441552641476e-06
4.061336779632841276e-06
4.135840366487345024e-06
4.211652750969080833e-06
4.288795820766867209e-06
4.367291807353644008e-06
4.447163291000878684e-06
4.528433205859740755e-06
4.611124845110298949e-06
4.695261866178768967e-06
4.780868296024391605e-06
4.867968536495886145e-06
4.956587369759676250e-06
5.046749963798594073e-06
5.138481877984366023e-06
5.231809068722322488e-06
5.326757895171285118e-06
5.423355125037786335e-06
5.521627940446489619e-06
5.621603943887576288e-06
5.723311164241244468e-06
5.826778062881167626e-06
5.932033539857264179e-06
6.039106940158731110e-06
6.148028060058131851e-06
6.258827153538008896e-06
6.371534938799901709e-06
6.486182604858156018e-06
6.602801818217846863e-06
6.721424729639013467e-06
6.842083980987532855e-06
6.964812712173745257e-06
7.089644568179913770e-06
7.216613706177239980e-06
7.345754802733660326e-06
7.477103061113160152e-06
7.610694218668222413e-06
7.746564554325339889e-06
7.884750896165697485e-06
8.025290629101483703e-06
8.168221702648759629e-06
8.313582638798540551e-06
8.461412539986435785e-06
8.611751097162206200e-06
8.764638597960699737e-06
8.920115934974634159e-06
9.078224614130299389e-06
9.239006763167841320e-06
9.402505140227128270e-06
9.568763142539369508e-06
9.737824815227252254e-06
9.909734860213175321e-06
1.008453864523749371e-05
1.026228221298816837e-05
1.044301229034217348e-05
1.062677629772042306e-05
1.081362235855725885e-05
1.100359930888571399e-05
1.119675670703972486e-05
1.139314484347406693e-05
1.159281475070445753e-05
1.179581821336745443e-05
1.200220777840235938e-05
1.221203676535663771e-05
1.242535927681456591e-05
1.264223020895286987e-05
1.286270526222147660e-05
1.308684095215432444e-05
1.331469462030803639e-05
1.354632444533160732e-05
1.378178945416844350e-05
1.402114953339136258e-05
1.426446544067253099e-05
1.451179881638919942e-05
1.476321219536645762e-05
1.501876901875912294e-05
1.527853364607354003e-05
1.554257136733042677e-05
1.581094841537100093e-05
1.608373197830665347e-05
1.636099021211533306e-05
1.664279225338250048e-05
1.692920823219384079e-05
1.722030928517495954e-05
1.751616756868395813e-05
1.781685627215531982e-05
1.812244963159966000e-05
1.843302294325788030e-05
1.874865257741246098e-05
1.906941599235811060e-05
1.939539174853115316e-05
1.972665952280202995e-05
2.006330012293019131e-05
2.040539550218286880e-05
2.075302877412132620e-05
2.110628422755355922e-05
2.146524734165747249e-05
2.183000480127313101e-05
2.220064451236922949e-05
2.257725561768235965e-05
2.295992851253182685e-05
2.334875486081174398e-05
2.374382761116212707e-05
2.414524101332014467e-05
2.455309063465233071e-05
2.496747337687221631e-05
2.538848749294136790e-05
2.581623260415890375e-05
2.625080971743771685e-05
2.669232124277254401e-05
2.714087101089869870e-05
2.759656429114552316e-05
2.805950780948376029e-05
2.852980976677066028e-05
2.900757985719333018e-05
2.949292928691299296e-05
2.998597079291069812e-05
3.048681866203715361e-05
3.099558875026816663e-05
3.151239850216739393e-05
3.203736697055779441e-05
3.257061483640426379e-05
3.311226442890913220e-05
3.366243974582118855e-05
3.422126647396215519e-05
3.478887200997026727e-05
3.536538548126307783e-05
3.595093776722375759e-05
3.654566152060905983e-05
3.714969118918319243e-05
3.776316303757907411e-05
3.838621516938827614e-05
3.901898754948196675e-05
3.966162202656359025e-05
4.031426235595763800e-05
4.097705422263368439e-05
4.165014526446892025e-05
4.233368509575123682e-05
4.302782533092414102e-05
4.373271960857536548e-05
4.444852361567189740e-05
4.517539511204270695e-05
4.591349395511040851e-05
4.666298212487568324e-05
4.742402374915482232e-05
4.819678512907270133e-05
4.898143476481287326e-05
4.977814338162793098e-05
5.058708395611060001e-05
5.140843174272848216e-05
5.224236430062360203e-05
5.308906152068006308e-05
5.394870565285972533e-05
5.482148133381034300e-05
5.570757561474611481e-05
5.660717798960472602e-05
5.752048042347836855e-05
5.844767738132846952e-05
5.938896585697793501e-05
6.034454540238853892e-05
6.131461815722204082e-05
6.229938887869051469e-05
6.329906497169431653e-05
6.431385651925229858e-05
6.534397631322364018e-05
6.638963988532727847e-05
6.745106553845743472e-05
6.852847437829865155e-05
6.962209034524189950e-05
7.073214024660454482e-05
7.185885378915631981e-05
7.300246361195087547e-05
7.416320531947050599e-05
7.534131751507753985e-05
7.653704183478441856e-05
7.775062298133565968e-05
7.898230875860941561e-05
8.023235010633861448e-05
8.150100113515269958e-05
8.278851916194553758e-05
8.409516474556766568e-05
8.542120172284682178e-05
8.676689724493687932e-05
8.813252181400296629e-05
8.951834932023666942e-05
9.092465707920873710e-05
9.235172586956093418e-05
9.379983997103551738e-05
9.526928720285023240e-05
9.676035896241578333e-05
9.827335026439908128e-05
9.980855978013609400e-05
1.013662898773958550e-04
1.029468466604916614e-04
1.045505400107547611e-04
1.061776836273581152e-04
1.078285950685009699e-04
1.095035957929538163e-04
1.112030112019656507e-04
1.129271706815355807e-04
1.146764076450492245e-04
1.164510595762881169e-04
1.182514680728035018e-04
1.200779788896665594e-04
1.219309419835930633e-04
1.238107115574403247e-04
1.257176461050877692e-04
1.276521084566928626e-04
1.296144658243312392e-04
1.316050898480231708e-04
1.336243566421410514e-04
1.356726468422077378e-04
1.377503456520853104e-04
1.398578428915526833e-04
1.419955330442789756e-04
1.441638153061925083e-04
1.463630936342444496e-04
1.485937767955751616e-04
1.508562784170777704e-04
1.531510170353663608e-04
1.554784161471497441e-04
1.578389042600104192e-04
1.602329149435901905e-04
1.626608868811888679e-04
1.651232639217707068e-04
1.676204951323893508e-04
1.701530348510235787e-04
1.727213427398303068e-04
1.753258838388204832e-04
1.779671286199489865e-04
1.806455530416304245e-04
1.833616386036787487e-04
1.861158724026689749e-04
1.889087471877289807e-04
1.917407614167591283e-04
1.946124193130782231e-04
1.975242309225070021e-04
2.004767121708819148e-04
2.034703849219995767e-04
2.065057770360059623e-04
2.095834224282157820e-04
2.127038611283738891e-04
2.158676393403574146e-04
2.190753095023187922e-04
2.223274303472733073e-04
2.256245669641323334e-04
2.289672908591780021e-04
2.323561800179898228e-04
2.357918189678199984e-04
2.392747988404155966e-04
2.428057174352943499e-04
2.463851792834734905e-04
2.500137957116484199e-04
2.536921849068311894e-04
2.574209719814427727e-04
2.612007890388625200e-04
2.650322752394324889e-04
2.689160768669298794e-04
2.728528473954894133e-04
2.768432475569933293e-04
2.808879454089243874e-04
2.849876164026773277e-04
2.891429434523378372e-04
2.933546170039270733e-04
2.976233351051093038e-04
3.019498034753674348e-04
3.063347355766475643e-04
3.107788526844713147e-04
3.152828839595141013e-04
3.198475665196599078e-04
3.244736455125150584e-04
3.291618741884059780e-04
3.339130139738387144e-04
3.387278345454331234e-04
3.436071139043320980e-04
3.485516384510837259e-04
3.535622030609891124e-04
3.586396111599379310e-04
3.637846748007032426e-04
3.689982147397191637e-04
3.742810605143344457e-04
3.796340505205347544e-04
3.850580320911451424e-04
3.905538615745044210e-04
3.961224044136164185e-04
4.017645352257787745e-04
4.074811378826811406e-04
4.132731055909864468e-04
4.191413409733774531e-04
4.250867561500888616e-04
4.311102728209075322e-04
4.372128223476500733e-04
4.433953458371137405e-04
4.496587942245003724e-04
4.560041283573179724e-04
4.624323190797494727e-04
4.689443473175010412e-04
4.755412041631180585e-04
4.822238909617718020e-04
4.889934193975232872e-04
4.958508115800494120e-04
5.027971001318465305e-04
5.098333282758963844e-04
5.169605499238030116e-04
5.241798297643976510e-04
5.314922433528095286e-04
5.388988771999964544e-04
5.464008288627507327e-04
5.539992070341530654e-04
5.616951316345025281e-04
5.694897339026988754e-04
5.773841564880843316e-04
5.853795535427445398e-04
5.934770908142694311e-04
6.016779457389624100e-04
6.099833075355063153e-04
6.183943772990827936e-04
6.269123680959382558e-04
6.355385050584029223e-04
6.442740254803465839e-04
6.531201789130909206e-04
6.620782272617578871e-04
6.711494448820605604e-04
6.803351186775339569e-04
6.896365481971969283e-04
6.990550457336532682e-04
7.085919364216267157e-04
7.182485583369186896e-04
7.280262625957976443e-04
7.379264134548171178e-04
7.479503884110503317e-04
7.580995783027411235e-04
7.683753874103815135e-04
7.787792335581959552e-04
7.893125482160423534e-04
7.999767766017155382e-04
8.107733777836592659e-04
8.217038247840838206e-04
8.327696046824759881e-04
8.439722187195091005e-04
8.553131824013471881e-04
8.667940256043333734e-04
8.784162926800687934e-04
8.901815425608724033e-04
9.020913488656176482e-04
9.141473000059466541e-04
9.263509992928529394e-04
9.387040650436393689e-04
9.512081306892224012e-04
9.638648448818155912e-04
9.766758716029551573e-04
9.896428902718883234e-04
1.002767595854285728e-03
1.016051698971325717e-03
1.029496926009100316e-03
1.043105019228351667e-03
1.056877736874545877e-03
1.070816853288266259e-03
1.084924159015937485e-03
1.099201460920834657e-03
1.113650582294440847e-03
1.128273362968081105e-03
1.143071659424866118e-03
1.158047344911927300e-03
1.173202309552943100e-03
1.188538460460958042e-03
1.204057721851445719e-03
1.219762035155687492e-03
1.235653359134394284e-03
1.251733669991592253e-03
1.268004961488760013e-03
1.284469245059224321e-03
1.301128549922785614e-03
1.317984923200604631e-03
1.335040430030288734e-03
1.352297153681215674e-03
1.369757195670089599e-03
1.387422675876681796e-03
1.405295732659800215e-03
1.423378522973432888e-03
1.441673222483112965e-03
1.460182025682431849e-03
1.478907146009761798e-03
1.497850815965131623e-03
1.517015287227261103e-03
1.536402830770766930e-03
1.556015736983506342e-03
1.575856315784056284e-03
1.595926896739337198e-03
1.616229829182357167e-03
1.636767482330072710e-03
1.657542245401358652e-03
1.678556527735076444e-03
1.699812758908247640e-03
1.721313388854295691e-03
1.743060887981376633e-03
1.765057747290782854e-03
1.787306478495379177e-03
1.809809614138127402e-03
1.832569707710631456e-03
1.855589333771711594e-03
1.878871088066026533e-03
1.902417587642674102e-03
1.926231470973853053e-03
1.950315398073453532e-03
1.974672050615703268e-03
1.999304132053740697e-03
2.024214367738188299e-03
2.049405505035666302e-03
2.074880313447270176e-03
2.100641584726973751e-03
2.126692132999983328e-03
2.153034794880972092e-03
2.179672429592278970e-03
2.206607919081955260e-03
2.233844168141732329e-03
2.261384104524851411e-03
2.289230679063766326e-03
2.317386865787717399e-03
2.345855662040107620e-03
2.374640088595770821e-03
2.403743189778024310e-03
2.433168033575554973e-03
2.462917711759080724e-03
2.492995339997833727e-03
2.523404057975822418e-03
2.554147029507835946e-03
2.585227442655195322e-03
2.616648509841308558e-03
2.648413467966897940e-03
2.680525578524973595e-03
2.712988127715511722e-03
2.745804426559824048e-03
2.778977811014626733e-03
2.812511642085763642e-03
2.846409305941582663e-03
2.880674214025986338e-03
2.915309803171104754e-03
2.950319535709558169e-03
2.985706899586388317e-03
3.021475408470520024e-03
3.057628601865869811e-03
3.094170045221959243e-03
3.131103330044121471e-03
3.168432074003271065e-03
3.206159921045127845e-03
3.244290541499048226e-03
3.282827632186283671e-03
3.321774916527778579e-03
3.361136144651390070e-03
3.400915093498637232e-03
3.441115566930819797e-03
3.481741395834643711e-03
3.522796438227185790e-03
3.564284579360345751e-03
3.606209731824615208e-03
3.648575835652262487e-03
3.691386858419857392e-03
3.734646795350166689e-03
3.778359669413340095e-03
3.822529531427463090e-03
3.867160460158347319e-03
3.912256562418667434e-03
3.957821973166330762e-03
4.003860855602119247e-03
4.050377401266566819e-03
4.097375830136048766e-03
4.144860390718098711e-03
4.192835360145917220e-03
4.241305044272051204e-03
4.290273777761224178e-03
4.339745924182340786e-03
4.389725876099608362e-03
4.440218055162755556e-03
4.491226912196376667e-03
4.542756927288360037e-03
4.594812609877348478e-03
4.647398498839268137e-03
4.700519162572918894e-03
4.754179199084540390e-03
4.808383236071400550e-03
4.863135931004351070e-03
4.918441971209384575e-03
4.974306073948095430e-03
5.030732986497133546e-03
5.087727486226500256e-03
5.145294380676820704e-03
5.203438507635449635e-03
5.262164735211465223e-03
5.321477961909484161e-03
5.381383116702370857e-03
5.441885159102701972e-03
5.502989079233043535e-03
5.564699897894999012e-03
5.627022666637094238e-03
5.689962467821285848e-03
5.753524414688287493e-03
5.817713651421606291e-03
5.882535353210193232e-03
5.947994726309875808e-03
6.014097008103352557e-03
6.080847467158911716e-03
6.148251403287710928e-03
6.216314147599690844e-03
6.285041062558057584e-03
6.354437542032354870e-03
6.424509011350086791e-03
6.495260927346853050e-03
6.566698778415007952e-03
6.638828084550835347e-03
6.711654397400179661e-03
6.785183300302545170e-03
6.859420408333666112e-03
6.934371368346434888e-03
7.010041859010303703e-03
7.086437590849068574e-03
7.163564306276964597e-03
7.241427779633185201e-03
7.320033817214711795e-03
7.399388257307439043e-03
7.479496970215600976e-03
7.560365858289535244e-03
7.642000855951632844e-03
7.724407929720553991e-03
7.807593078233715338e-03
7.891562332267889820e-03
7.976321754758118610e-03
8.061877440814687115e-03
8.148235517738303818e-03
8.235402145033378710e-03
8.323383514419495019e-03
8.412185849840882537e-03
8.501815407474027850e-03
8.592278475733317392e-03
8.683581375274784450e-03
8.775730458997774500e-03
8.868732112044711013e-03
8.962592751798817772e-03
9.057318827879809811e-03
9.152916822137509636e-03
9.249393248643489329e-03
9.346754653680485261e-03
9.445007615729880332e-03
9.544158745456906776e-03
9.644214685693838426e-03
9.745182111420936516e-03
9.847067729745292985e-03
9.949878279877442944e-03
1.005362053310575841e-02
1.015830129276867194e-02
1.026392739422459822e-02
1.037050570481959713e-02
1.047804312385284924e-02
1.058654658253973396e-02
1.069602304397256759e-02
1.080647950307916244e-02
1.091792298657890195e-02
1.103036055293648600e-02
1.114379929231336733e-02
1.125824632651662924e-02
1.137370880894562203e-02
1.149019392453609449e-02
1.160770888970182567e-02
1.172626095227386443e-02
1.184585739143724677e-02
1.196650551766529659e-02
1.208821267265119785e-02
1.221098622923736179e-02
1.233483359134191805e-02
1.245976219388287426e-02
1.258577950269955739e-02
1.271289301447154838e-02
1.284111025663500424e-02
1.297043878729621513e-02
1.310088619514272051e-02
1.323246009935164814e-02
1.336516814949535899e-02
1.349901802544449525e-02
1.363401743726825113e-02
1.377017412513197210e-02
1.390749585919196993e-02
1.404599043948765238e-02
1.418566569583080798e-02
1.432652948769225221e-02
1.446858970408546573e-02
1.461185426344769993e-02
1.475633111351797727e-02
1.490202823121252254e-02
1.504895362249713056e-02
1.519711532225683816e-02
1.534652139416262454e-02
1.549717993053524590e-02
1.564909905220619388e-02
1.580228690837567895e-02
1.595675167646786602e-02
1.611250156198287820e-02
1.626954479834604936e-02
1.642788964675434907e-02
1.658754439601942132e-02
1.674851736240805938e-02
1.691081688947935688e-02
1.707445134791914579e-02
1.723942913537119051e-02
1.740575867626536696e-02
1.757344842164301757e-02
1.774250684897888536e-02
1.791294246200041129e-02
1.808476379050356908e-02
1.825797939016588281e-02
1.843259784235622145e-02
1.860862775394147781e-02
1.878607775709031577e-02
1.896495650907352448e-02
1.914527269206146159e-02
1.932703501291823181e-02
1.951025220299284699e-02
1.969493301790698273e-02
1.988108623733989347e-02
2.006872066480999695e-02
2.025784512745306895e-02
2.044846847579772503e-02
2.064059958353725577e-02
2.083424734729862407e-02
2.102942068640793055e-02
2.122612854265281540e-02
2.142437988004177937e-02
2.162418368456003534e-02
2.182554896392225816e-02
2.202848474732202119e-02
2.223300008517819365e-02
2.243910404887776780e-02
2.264680573051575802e-02
2.285611424263157831e-02
2.306703871794236679e-02
2.327958830907293775e-02
2.349377218828244129e-02
2.370959954718793172e-02
2.392707959648437271e-02
2.414622156566163108e-02
2.436703470271802882e-02
2.458952827387085593e-02
2.481371156326316052e-02
2.503959387266772862e-02
2.526718452118749056e-02
2.549649284495274226e-02
2.572752819681506722e-02
2.596029994603799712e-02
2.619481747798434526e-02
2.643109019380026833e-02
2.666912751009607729e-02
2.690893885862372450e-02
2.715053368595099492e-02
2.739392145313256782e-02
2.763911163537753971e-02
2.788611372171388714e-02
2.813493721464955730e-02
2.838559162983037357e-02
2.863808649569455841e-02
2.889243135312405744e-02
2.914863575509260563e-02
2.940670926631058085e-02
2.966666146286646780e-02
2.992850193186527216e-02
3.019224027106347935e-02
3.045788608850097390e-02
3.072544900212971150e-02
3.099493863943882099e-02
3.126636463707718749e-02
3.153973664047210468e-02
3.181506430344509945e-02
3.209235728782459940e-02
3.237162526305523147e-02
3.265287790580408828e-02
3.293612489956358746e-02
3.322137593425168040e-02
3.350864070580820975e-02
3.379792891578887321e-02
3.408925027095533605e-02
3.438261448286280414e-02
3.467803126744418984e-02
3.497551034459123187e-02
3.527506143773252723e-02
3.557669427340857948e-02
3.588041858084363434e-02
3.618624409151462856e-02
3.649418053871692630e-02
3.680423765712730749e-02
3.711642518236350080e-02
3.743075285054125317e-02
3.774723039782800632e-02
3.806586755999379762e-02
3.838667407195927445e-02
3.870965966734049579e-02
3.903483407799118732e-02
3.936220703354170736e-02
3.969178826093552187e-02
4.002358748396266097e-02
4.035761442278996969e-02
4.069387879348913134e-02
4.103239030756152678e-02
4.137315867146033194e-02
4.171619358610996475e-02
4.206150474642233322e-02
4.240910184081133488e-02
4.275899455070349131e-02
4.311119255004641077e-02
4.346570550481496792e-02
4.382254307251402109e-02
4.418171490167918658e-02
4.454323063137444888e-02
4.490709989068776553e-02
4.527333229822359806e-02
4.564193746159317389e-02
4.601292497690231964e-02
4.638630442823627603e-02
4.676208538714284740e-02
4.714027741211247041e-02
4.752089004805597205e-02
4.790393282578039175e-02
4.828941526146163926e-02
4.867734685611566081e-02
4.906773709506664222e-02
4.946059544741324837e-02
4.985593136549263532e-02
5.025375428434190189e-02
5.065407362115771639e-02
5.105689877475376448e-02
5.146223912501533826e-02
5.187010403235323142e-02
5.228050283715395680e-02
5.269344485922898558e-02
5.310893939726154395e-02
5.352699572825139751e-02
5.394762310695802587e-02
5.437083076534122983e-02
5.479662791200068384e-02
5.522502373161270600e-02
5.565602738436570274e-02
5.608964800539403828e-02
5.652589470420958662e-02
5.696477656413170138e-02
5.740630264171595748e-02
5.785048196618040178e-02
5.829732353883099877e-02
5.874683633248491826e-02
5.919902929089226884e-02
5.965391132815693609e-02
6.011149132815499230e-02
6.057177814395233589e-02
6.103478059722087373e-02
6.150050747765278131e-02
6.196896754237411070e-02
6.244016951535658055e-02
6.291412208682856111e-02
6.339083391268432455e-02
6.387031361389229611e-02
6.435256977590231298e-02
6.483761094805187697e-02
6.532544564297081136e-02
6.581608233598533475e-02
6.630952946452095542e-02
6.680579542750447741e-02
6.730488858476527114e-02
6.780681725643518398e-02
6.831158972234804838e-02
6.881921422143852385e-02
6.932969895113960668e-02
6.984305206677991762e-02
7.035928168098042057e-02
7.087839586305011430e-02
7.140040263838114132e-02
7.192530998784424368e-02
7.245312584718222038e-02
7.298385810640456439e-02
7.351751460918055925e-02
7.405410315223225071e-02
7.459363148472769600e-02
7.513610730767320001e-02
7.568153827330591221e-02
7.622993198448567431e-02
7.678129599408732575e-02
7.733563780439256519e-02
7.789296486648220053e-02
7.845328457962752466e-02
7.901660429068309288e-02
7.958293129347782102e-02
8.015227282820838739e-02
8.072463608083110809e-02
8.130002818245471441e-02
8.187845620873375474e-02
8.245992717926153848e-02
8.304444805696416243e-02
8.363202574749489804e-02
8.422266709862849532e-02
8.481637889965711052e-02
8.541316788078535949e-02
8.601304071252771632e-02
8.661600400510512110e-02
8.722206430784300302e-02
8.783122810857015017e-02
8.844350183301857848e-02
8.905889184422326188e-02
8.967740444192424942e-02
9.029904586196865757e-02
9.092382227571449427e-02
9.155173978943480229e-02
9.218280444372353721e-02
9.281702221290265287e-02
9.345439900442985282e-02
9.409494065830834031e-02
9.473865294649744251e-02
9.538554157232460862e-02
9.603561216989968397e-02
9.668887030352926737e-02
9.734532146713416323e-02
9.800497108366708343e-02
9.866782450453279174e-02
9.933388700900995516e-02
1.000031638036744386e-01
1.006756600218246117e-01
1.013513807229086128e-01
1.020303308919529167e-01
1.027125154389941092e-01
1.033979391985112989e-01
1.040866069288616663e-01
1.047785233117174003e-01
1.054736929515053129e-01
1.061721203748487441e-01
1.068738100300112293e-01
1.075787662863426919e-01
1.082869934337284679e-01
1.089984956820406331e-01
1.097132771605908996e-01
1.104313419175877165e-01
1.111526939195946473e-01
1.118773370509916903e-01
1.126052751134396929e-01
1.133365118253471804e-01
1.140710508213405583e-01
1.148088956517360898e-01
1.155500497820157318e-01
1.162945165923054414e-01
1.170422993768573949e-01
1.177934013435337768e-01
1.185478256132952712e-01
1.193055752196909569e-01
1.200666531083535715e-01
1.208310621364967613e-01
1.215988050724151059e-01
1.223698845949888342e-01
1.231443032931916620e-01
1.239220636656015173e-01
1.247031681199152753e-01
1.254876189724670466e-01
1.262754184477498653e-01
1.270665686779418602e-01
1.278610717024345755e-01
1.286589294673670947e-01
1.294601438251623549e-01
1.302647165340684865e-01
1.310726492577030111e-01
1.318839435646025071e-01
1.326986009277745238e-01
1.335166227242551573e-01
1.343380102346703742e-01
1.351627646428003593e-01
1.359908870351499710e-01
1.368223784005222488e-01
1.376572396295965561e-01
1.384954715145112758e-01
1.393370747484506122e-01
1.401820499252364183e-01
1.410303975389234910e-01
1.418821179834016954e-01
1.427372115519994489e-01
1.435956784370948647e-01
1.444575187297297558e-01
1.453227324192292169e-01
1.461913193928263133e-01
1.470632794352901285e-01
1.479386122285609728e-01
1.488173173513885894e-01
1.496993942789758281e-01
1.505848423826286753e-01
1.514736609294095038e-01
1.523658490817962063e-01
1.532614058973468807e-01
1.541603303283699544e-01
1.550626212215978350e-01
1.559682773178678594e-01
1.568772972518076014e-01
1.577896795515258965e-01
1.587054226383090294e-01
1.596245248263223060e-01
1.605469843223172599e-01
1.614727992253456312e-01
1.624019675264763152e-01
1.633344871085201100e-01
1.642703557457594332e-01
1.652095711036839498e-01
1.661521307387311408e-01
1.670980320980338940e-01
1.680472725191729244e-01
1.689998492299359945e-01
1.699557593480814088e-01
1.709149998811092808e-01
1.718775677260384604e-01
1.728434596691876823e-01
1.738126723859652611e-01
1.747852024406628124e-01
1.757610462862564671e-01
1.767402002642136649e-01
1.777226606043063317e-01
1.787084234244288306e-01
1.796974847304253775e-01
1.806898404159205385e-01
1.816854862621569699e-01
1.826844179378411814e-01
1.836866309989932111e-01
1.846921208888038235e-01
1.857008829374987291e-01
1.867129123622072451e-01
1.877282042668403650e-01
1.887467536419733805e-01
1.897685553647341095e-01
1.907936041987010056e-01
1.918218947938047370e-01
1.928534216862373418e-01
1.938881792983688512e-01
1.949261619386694344e-01
1.959673638016390662e-01
1.970117789677435227e-01
1.980594014033564831e-01
1.991102249607105412e-01
2.001642433778519359e-01
2.012214502786045245e-01
2.022818391725399179e-01
2.033454034549534994e-01
2.044121364068492153e-01
2.054820311949284439e-01
2.065550808715895803e-01
2.076312783749305058e-01
2.087106165287609116e-01
2.097930880426203681e-01
2.108786855118037762e-01
2.119674014173929810e-01
2.130592281262961851e-01
2.141541578912950494e-01
2.152521828510965962e-01
2.163532950303942992e-01
2.174574863399358071e-01
2.185647485765965514e-01
2.196750734234617641e-01
2.207884524499147405e-01
2.219048771117323737e-01
2.230243387511891551e-01
2.241468285971660868e-01
2.252723377652672831e-01
2.264008572579451761e-01
2.275323779646314937e-01
2.286668906618755104e-01
2.298043860134899030e-01
2.309448545707035449e-01
2.320882867723208232e-01
2.332346729448898370e-01
2.343840033028757042e-01
2.355362679488428868e-01
2.366914568736428470e-01
2.378495599566101959e-01
2.390105669657662246e-01
2.401744675580278487e-01
2.413412512794261833e-01
2.425109075653302249e-01
2.436834257406786941e-01
2.448587950202187336e-01
2.460370045087520996e-01
2.472180432013882934e-01
2.484018999838044639e-01
2.495885636325134993e-01
2.507780228151374469e-01
2.519702660906909530e-01
2.531652819098678675e-01
2.543630586153398654e-01
2.555635844420567904e-01
2.567668475175591825e-01
2.579728358622932483e-01
2.591815373899371555e-01
2.603929399077313800e-01
2.616070311168178231e-01
2.628237986125843695e-01
2.640432298850183823e-01
2.652653123190657491e-01
2.664900331949974777e-01
2.677173796887828972e-01
2.689473388724715197e-01
2.701798977145781211e-01
2.714150430804798120e-01
2.726527617328156072e-01
2.738930403318940443e-01
2.751358654361113487e-01
2.763812235023697106e-01
2.776291008865080512e-01
2.788794838437373969e-01
2.801323585290832474e-01
2.813877109978344393e-01
2.826455272059996693e-01
2.839057930107691252e-01
2.851684941709843879e-01
2.864336163476151054e-01
2.877011451042408852e-01
2.889710659075405141e-01
2.902433641277880061e-01
2.915180250393555328e-01
2.927950338212217951e-01
2.940743755574878326e-01
2.953560352378985510e-01
2.966399977583719094e-01
2.979262479215337711e-01
2.992147704372576933e-01
3.005055499232148208e-01
3.017985709054260557e-01
3.030938178188223309e-01
3.043912750078127116e-01
3.056909267268546060e-01
3.069927571410353551e-01
3.082967503266545450e-01
3.096028902718174214e-01
3.109111608770305235e-01
3.122215459558060346e-01
3.135340292352700176e-01
3.148485943567788659e-01
3.161652248765393081e-01
3.174839042662357391e-01
3.188046159136634361e-01
3.201273431233666589e-01
3.214520691172838007e-01
3.227787770353968688e-01
3.241074499363869599e-01
3.254380707982972298e-01
3.267706225191983060e-01
3.281050879178619151e-01
3.294414497344377302e-01
3.307796906311383234e-01
3.321197931929271707e-01
3.334617399282130967e-01
3.348055132695499925e-01
3.361510955743412521e-01
3.374984691255508706e-01
3.388476161324171509e-01
3.401985187311744596e-01
3.415511589857773145e-01
3.429055188886324657e-01
3.442615803613329195e-01
3.456193252553980133e-01
3.469787353530208174e-01
3.483397923678149821e-01
3.497024779455717436e-01
3.510667736650186499e-01
3.524326610385835057e-01
3.538001215131636457e-01
3.551691364708984833e-01
3.565396872299477771e-01
3.579117550452731167e-01
3.592853211094249044e-01
3.606603665533336667e-01
3.620368724471050847e-01
3.634148198008175235e-01
3.647941895653288302e-01
3.661749626330810248e-01
3.675571198389119276e-01
3.689406419608737830e-01
3.703255097210495506e-01
3.717117037863776896e-01
3.730992047694784985e-01
3.744879932294873370e-01
3.758780496728849618e-01
3.772693545543395199e-01
3.786618882775474870e-01
3.800556311960769929e-01
3.814505636142189737e-01
3.828466657878377144e-01
3.842439179252262749e-01
3.856423001879650814e-01
3.870417926917851248e-01
3.884423755074302154e-01
3.898440286615275641e-01
3.912467321374567542e-01
3.926504658762238753e-01
3.940552097773401541e-01
3.954609436996979754e-01
3.968676474624565076e-01
3.982753008459250510e-01
3.996838835924496069e-01
4.010933754073051083e-01
4.025037559595863179e-01
4.039150048831021134e-01
4.053271017772748785e-01
4.067400262080384521e-01
4.081537577087397950e-01
4.095682757810433228e-01
4.109835598958369030e-01
4.123995894941385743e-01
4.138163439880083172e-01
4.152338027614582150e-01
4.166519451713653344e-01
4.180707505483893249e-01
4.194901981978871874e-01
4.209102674008314282e-01
4.223309374147322104e-01
4.237521874745569517e-01
4.251739967936533082e-01
4.265963445646738794e-01
4.280192099605001355e-01
4.294425721351715630e-01
4.308664102248110916e-01
4.322907033485529626e-01
4.337154306094759271e-01
4.351405710955302264e-01
4.365661038804699023e-01
4.379920080247854397e-01
4.394182625766371308e-01
4.408448465727860532e-01
4.422717390395314307e-01
4.436989189936411671e-01
4.451263654432905392e-01
4.465540573889938414e-01
4.479819738245423011e-01
4.494100937379389427e-01
4.508383961123342276e-01
4.522668599269606959e-01
4.536954641580718817e-01
4.551241877798741786e-01
4.565530097654658115e-01
4.579819090877698118e-01
4.594108647204691587e-01
4.608398556389437517e-01
4.622688608212027761e-01
4.636978592488176787e-01
4.651268299078574753e-01
4.665557517898197837e-01
4.679846038925629670e-01
4.694133652212390539e-01
4.708420147892188878e-01
4.722705316190287661e-01
4.736988947432713148e-01
4.751270832055586313e-01
4.765550760614344905e-01
4.779828523793018813e-01
4.794103912413451019e-01
4.808376717444527437e-01
4.822646730011390659e-01
4.836913741404617051e-01
4.851177543089429944e-01
4.865437926714817340e-01
4.879694684122731219e-01
4.893947607357178042e-01
4.908196488673348679e-01
4.922441120546706683e-01
4.936681295682059933e-01
4.950916807022621713e-01
4.965147447759044597e-01
4.979373011338409927e-01
4.993593291473276130e-01
5.007808082150565498e-01
5.022017177640567542e-01
5.036220372505855192e-01
5.050417461610159364e-01
5.064608240127240757e-01
5.078792503549753867e-01
5.092970047698057723e-01
5.107140668729005517e-01
5.121304163144713151e-01
5.135460327801280034e-01
5.149608959917520989e-01
5.163749857083622663e-01
5.177882817269807703e-01
5.192007638834932326e-01
5.206124120535086108e-01
5.220232061532149581e-01
5.234331261402297431e-01
5.248421520144511687e-01
5.262502638188993886e-01
5.276574416405624968e-01
5.290636656112346348e-01
5.304689159083477712e-01
5.318731727558059230e-01
5.332764164248122718e-01
5.346786272346922830e-01
5.360797855537144940e-01
5.374798717999071940e-01
5.388788664418693308e-01
5.402767499995795308e-01
5.416735030452023425e-01
5.430691062038868200e-01
5.444635401545633302e-01
5.458567856307344757e-01
5.472488234212652403e-01
5.486396343711656964e-01
5.500291993823698267e-01
5.514174994145106812e-01
5.528045154856914278e-01
5.541902286732511840e-01
5.555746201145259633e-01
5.569576710076067361e-01
5.583393626120902731e-01
5.597196762498282130e-01
5.610985933056702457e-01
5.624760952281995241e-01
5.638521635304698520e-01
5.652267797907317703e-01
5.665999256531563111e-01
5.679715828285546442e-01
5.693417330950902855e-01
5.707103582989891954e-01
5.720774403552423282e-01
5.734429612483037397e-01
5.748069030327839224e-01
5.761692478341404744e-01
5.775299778493550029e-01
5.788890753476164663e-01
5.802465226709889734e-01
5.816023022350809146e-01
5.829563965297055450e-01
5.843087881195363487e-01
5.856594596447568524e-01
5.870083938217076636e-01
5.883555734435230722e-01
5.897009813807652101e-01
5.910446005820535476e-01
5.923864140746838425e-01
5.937264049652484221e-01
5.950645564402438081e-01
5.964008517666782305e-01
5.977352742926669293e-01
5.990678074480314530e-01
6.003984347448795278e-01
6.017271397781932540e-01
6.030539062263996497e-01
6.043787178519427483e-01
6.057015585018464821e-01
6.070224121082725688e-01
6.083412626890698505e-01
6.096580943483211890e-01
6.109728912768838116e-01
6.122856377529192207e-01
6.135963181424217705e-01
6.149049168997399173e-01
6.162114185680873657e-01
6.175158077800554368e-01
6.188180692581114473e-01
6.201181878150966442e-01
6.214161483547112619e-01
6.227119358720037967e-01
6.240055354538402987e-01
6.252969322793803242e-01
6.265861116205372339e-01
6.278730588424344949e-01
6.291577594038595400e-01
6.304401988577074123e-01
6.317203628514144187e-01
6.329982371273946695e-01
6.342738075234619632e-01
6.355470599732476744e-01
6.368179805066158661e-01
6.380865552500615268e-01
6.393527704271156908e-01
6.406166123587344607e-01
6.418780674636831440e-01
6.431371222589172820e-01
6.443937633599530201e-01
6.456479774812323713e-01
6.468997514364834833e-01
6.481490721390706922e-01
6.493959266023396903e-01
6.506403019399582544e-01
6.518821853662466470e-01
6.531215641965034679e-01
6.543584258473232884e-01
6.555927578369086239e-01
6.568245477853761338e-01
6.580537834150541610e-01
6.592804525507737212e-01
6.605045431201543860e-01
6.617260431538827259e-01
6.629449407859816512e-01
6.641612242540783084e-01
6.653748818996572112e-01
6.665859021683190333e-01
6.677942736100159760e-01
6.689999848792963499e-01
6.702030247355323933e-01
6.714033820431438704e-01
6.726010457718198943e-01
6.737960049967228748e-01
6.749882488986993501e-01
6.761777667644713885e-01
6.773645479868325436e-01
6.785485820648263777e-01
6.797298586039285384e-01
6.809083673162125150e-01
6.820840980205172821e-01
6.832570406426016207e-01
6.844271852152955526e-01
6.855945218786452244e-01
6.867590408800472446e-01
6.879207325743793566e-01
6.890795874241274488e-01
6.902355959994979084e-01
6.913887489785319751e-01
6.925390371472074369e-01
6.936864513995361081e-01
6.948309827376530912e-01
6.959726222719054833e-01
6.971113612209242083e-01
6.982471909116984010e-01
6.993801027796373582e-01
7.005100883686324886e-01
7.016371393311039428e-01
7.027612474280471311e-01
7.038824045290738018e-01
7.050006026124405745e-01
7.061158337650758066e-01
7.072280901825983568e-01
7.083373641693309075e-01
7.094436481383075144e-01
7.105469346112694984e-01
7.116472162186642247e-01
7.127444856996284495e-01
7.138387359019725542e-01
7.149299597821525687e-01
7.160181504052400836e-01
7.171033009448866125e-01
7.181854046832744087e-01
7.192644550110735002e-01
7.203404454273789614e-01
7.214133695396524049e-01
7.224832210636531471e-01
7.235499938233617145e-01
7.246136817509041261e-01
7.256742788864585236e-01
7.267317793781690183e-01
7.277861774820424401e-01
7.288374675618487508e-01
7.298856440890046926e-01
7.309307016424625436e-01
7.319726349085866612e-01
7.330114386810258065e-01
7.340471078605764754e-01
7.350796374550488954e-01
7.361090225791172559e-01
7.371352584541717157e-01
7.381583404081597521e-01
7.391782638754259560e-01
7.401950243965427223e-01
7.412086176181387209e-01
7.422190392927161540e-01
7.432262852784711216e-01
7.442303515391032187e-01
7.452312341436151399e-01
7.462289292661188345e-01
7.472234331856247858e-01
7.482147422858328456e-01
7.492028530549139642e-01
7.501877620852918094e-01
7.511694660734092865e-01
7.521479618195020533e-01
7.531232462273605988e-01
7.540953163040815532e-01
7.550641691598279914e-01
7.560298020075746361e-01
7.569922121628427369e-01
7.579513970434507142e-01
7.589073541692318292e-01
7.598600811617771678e-01
7.608095757441433182e-01
7.617558357405804781e-01
7.626988590762415754e-01
7.636386437768915014e-01
7.645751879686120134e-01
7.655084898774968671e-01
7.664385478293513909e-01
7.673653602493777370e-01
7.682889256618626872e-01
7.692092426898597957e-01
7.701263100548615403e-01
7.710401265764772472e-01
7.719506911720941389e-01
7.728580028565461557e-01
7.737620607417708962e-01
7.746628640364642271e-01
7.755604120457308959e-01
7.764547041707309250e-01
7.773457399083237851e-01
7.782335188507046864e-01
7.791180406850409801e-01
7.799993051930983468e-01
7.808773122508738673e-01
7.817520618282122191e-01
7.826235539884291992e-01
7.834917888879217029e-01
7.843567667757844752e-01
7.852184879934140938e-01
7.860769529741127304e-01
7.869321622426895813e-01
7.877841164150576336e-01
7.886328161978251039e-01
7.894782623878864314e-01
7.903204558720094974e-01
7.911593976264146288e-01
7.919950887163574871e-01
7.928275302957044079e-01
7.936567236065061870e-01
7.944826699785625390e-01
7.953053708289955503e-01
7.961248276618105857e-01
7.969410420674541973e-01
7.977540157223745876e-01
7.985637503885723021e-01
7.993702479131563621e-01
8.001735102278882961e-01
8.009735393487306121e-01
8.017703373753889418e-01
8.025639064908494102e-01
8.033542489609201143e-01
8.041413671337644953e-01
8.049252634394308270e-01
8.057059403893860328e-01
8.064834005760370683e-01
8.072576466722632960e-01
8.080286814309290966e-01
8.087965076844110257e-01
8.095611283441133121e-01
8.103225463999791378e-01
8.110807649200091340e-01
8.118357870497676654e-01
8.125876160118936653e-01
8.133362551056045886e-01
8.140817077062034723e-01
8.148239772645803347e-01
8.155630673067101322e-01
8.162989814331540472e-01
8.170317233185558914e-01
8.177612967111342890e-01
8.184877054321765266e-01
8.192109533755295159e-01
8.199310445070924214e-01
8.206479828642994079e-01
8.213617725556086047e-01
8.220724177599855187e-01
8.227799227263858928e-01
8.234842917732408951e-01
8.241855292879318728e-01
8.248836397262701015e-01
8.255786276119797540e-01
8.262704975361664372e-01
8.269592541567961641e-01
8.276449021981691079e-01
8.283274464503906920e-01
8.290068917688434569e-01
8.296832430736587050e-01
8.303565053491808179e-01
8.310266836434431204e-01
8.316937830676287557e-01
8.323578087955411098e-01
8.330187660630679058e-01
8.336766601676420807e-01
8.343314964677155388e-01
8.349832803822110350e-01
8.356320173899915993e-01
8.362777130293224115e-01
8.369203728973307888e-01
8.375600026494620653e-01
8.381966079989480178e-01
8.388301947162639660e-01
8.394607686285844306e-01
8.400883356192440088e-01
8.407129016271992494e-01
8.413344726464814238e-01
8.419530547256598441e-01
8.425686539672934128e-01
8.431812765273946075e-01
8.437909286148814747e-01
8.443976164910387272e-01
8.450013464689717368e-01
8.456021249130671880e-01
8.461999582384467367e-01
8.467948529104256661e-01
8.473868154439707645e-01
8.479758524031576483e-01
8.485619704006250874e-01
8.491451760970382123e-01
8.497254762005428397e-01
8.503028774662224620e-01
8.508773866955621212e-01
8.514490107359019566e-01
8.520177564798958603e-01
8.525836308649793471e-01
8.531466408728203277e-01
8.537067935287820930e-01
8.542640959013910740e-01
8.548185551017866146e-01
8.553701782831941713e-01
8.559189726403831910e-01
8.564649454091310954e-01
8.570081038656885974e-01
8.575484553262414655e-01
8.580860071463823902e-01
8.586207667205726368e-01
8.591527414816106933e-01
8.596819389001009171e-01
8.602083664839235144e-01
8.607320317777014118e-01
8.612529423622780067e-01
8.617711058541801528e-01
8.622865299051009069e-01
8.627992222013648460e-01
8.633091904634112579e-01
8.638164424452631218e-01
8.643209859340125201e-01
8.648228287492919497e-01
8.653219787427587351e-01
8.658184437975762204e-01
8.663122318278918543e-01
8.668033507783301506e-01
8.672918086234663315e-01
8.677776133673205106e-01
8.682607730428455461e-01
8.687412957114103440e-01
8.692191894622983694e-01
8.696944624121959455e-01
8.701671227046821055e-01
8.706371785097316573e-01
8.711046380232070341e-01
8.715695094663592490e-01
8.720318010853227442e-01
8.724915211506256707e-01
8.729486779566840715e-01
8.734032798213142712e-01
8.738553350852341639e-01
8.743048521115736049e-01
8.747518392853862457e-01
8.751963050131594812e-01
8.756382577223265073e-01
8.760777058607875922e-01
8.765146578964206903e-01
8.769491223166051563e-01
8.773811076277422405e-01
8.778106223547765818e-01
8.782376750407224764e-01
8.786622742461910329e-01
8.790844285489177734e-01
8.795041465432954508e-01
8.799214368399062014e-01
8.803363080650564720e-01
8.807487688603121700e-01
8.811588278820425835e-01
8.815664938009569740e-01
8.819717753016508288e-01
8.823746810821493369e-01
8.827752198534570827e-01
8.831734003391059629e-01
8.835692312747092103e-01
8.839627214075144179e-01
8.843538794959585614e-01
8.847427143092310153e-01
8.851292346268291311e-01
8.855134492381258049e-01
8.858953669419330490e-01
8.862749965460698931e-01
8.866523468669340602e-01
8.870274267290712000e-01
8.874002449647535595e-01
8.877708104135541012e-01
8.881391319219281710e-01
8.885052183427942785e-01
8.888690785351225365e-01
8.892307213635103347e-01
8.895901556977859892e-01
8.899473904125908552e-01
8.903024343869772039e-01
8.906552965040022141e-01
8.910059856503299569e-01
8.913545107158322711e-01
8.917008805931925242e-01
8.920451041775093737e-01
8.923871903659129634e-01
8.927271480571680184e-01
8.930649861512954812e-01
8.934007135491855989e-01
8.937343391522152292e-01
8.940658718618754719e-01
8.943953205793911954e-01
8.947226942053513321e-01
8.950480016393359550e-01
8.953712517795502368e-01
8.956924535224596307e-01
8.960116157624254951e-01
8.963287473913471581e-01
8.966438572983045363e-01
8.969569543692015312e-01
8.972680474864166422e-01
8.975771455284535794e-01
8.978842573695923202e-01
8.981893918795477161e-01
8.984925579231261006e-01
8.987937643598892246e-01
8.990930200438163045e-01
8.993903338229709554e-01
8.996857145391723432e-01
8.999791710276645595e-01
9.002707121167954352e-01
9.005603466276886904e-01
9.008480833739311855e-01
9.011339311612479586e-01
9.014178987871946935e-01
9.016999950408429720e-01
9.019802287024714094e-01
9.022586085432595659e-01
9.025351433249866329e-01
9.028098417997263425e-01
9.030827127095549800e-01
9.033537647862482922e-01
9.036230067509979369e-01
9.038904473141126106e-01
9.041560951747388275e-01
9.044199590205711514e-01
9.046820475275721973e-01
9.049423693596966300e-01
9.052009331686085014e-01
9.054577475934135755e-01
9.057128212603864359e-01
9.059661627827011454e-01
9.062177807601683455e-01
9.064676837789710229e-01
9.067158804114039405e-01
9.069623792156200626e-01
9.072071887353695407e-01
9.074503174997554655e-01
9.076917740229798470e-01
9.079315668040969234e-01
9.081697043267739078e-01
9.084061950590445189e-01
9.086410474530741688e-01
9.088742699449230411e-01
9.091058709543151650e-01
9.093358588844036028e-01
9.095642421215480722e-01
9.097910290350866847e-01
9.100162279771141227e-01
9.102398472822630371e-01
9.104618952674873311e-01
9.106823802318443351e-01
9.109013104562901919e-01
9.111186942034631420e-01
9.113345397174806850e-01
9.115488552237379638e-01
9.117616489287004855e-01
9.119729290197122751e-01
9.121827036647971454e-01
9.123909810124627429e-01
9.125977691915141410e-01
9.128030763108633261e-01
9.130069104593417917e-01
9.132092797055253452e-01
9.134101920975414846e-01
9.136096556629015319e-01
9.138076784083217774e-01
9.140042683195498396e-01
9.141994333611939139e-01
9.143931814765592359e-01
9.145855205874783289e-01
9.147764585941483562e-01
9.149660033749733579e-01
9.151541627864065997e-01
9.153409446627918111e-01
9.155263568162144150e-01
9.157104070363485393e-01
9.158931030903091353e-01
9.160744527225088696e-01
9.162544636545114640e-01
9.164331435848954710e-01
9.166105001891107218e-01
9.167865411193484304e-01
9.169612740044025267e-01
9.171347064495412038e-01
9.173068460363790200e-01
9.174777003227484462e-01
9.176472768425771864e-01
9.178155831057667191e-01
9.179826265980709499e-01
9.181484147809823027e-01
9.183129550916170336e-01
9.184762549425982137e-01
9.186383217219490360e-01
9.187991627929876781e-01
9.189587854942153911e-01
9.191171971392199103e-01
9.192744050165672087e-01
9.194304163897096815e-01
9.195852384968851156e-01
9.197388785510236531e-01
9.198913437396548654e-01
9.200426412248178254e-01
9.201927781429751763e-01
9.203417616049245353e-01
9.204895986957145615e-01
9.206362964745687938e-01
9.207818619747978328e-01
9.209263022037308399e-01
9.210696241426334918e-01
9.212118347466391466e-01
9.213529409446740148e-01
9.214929496393932107e-01
9.216318677071098087e-01
9.217697019977297845e-01
9.219064593346933956e-01
9.220421465149095663e-01
9.221767703086987122e-01
9.223103374597363402e-01
9.224428546849976485e-01
9.225743286747043470e-01
9.227047660922731431e-01
9.228341735742700003e-01
9.229625577303547379e-01
9.230899251432468366e-01
9.232162823686728137e-01
9.233416359353272540e-01
9.234659923448371721e-01
9.235893580717158269e-01
9.237117395633369643e-01
9.238331432398912968e-01
9.239535754943575263e-01
9.240730426924753660e-01
9.241915511727097909e-01
9.243091072462291669e-01
9.244257171968783826e-01
9.245413872811523159e-01
9.246561237281799572e-01
9.247699327396973201e-01
9.248828204900347849e-01
9.249947931260962264e-01
9.251058567673466904e-01
9.252160175057947411e-01
9.253252814059860221e-01
9.254336545049876017e-01
9.255411428123849760e-01
9.256477523102687455e-01
9.257534889532340605e-01
9.258583586683725164e-01
9.259623673552755951e-01
9.260655208860273380e-01
9.261678251052093414e-01
9.262692858299005350e-01
9.263699088496822887e-01
9.264696999266439637e-01
9.265686647953862431e-01
9.266668091630354542e-01
9.267641387092457883e-01
9.268606590862151773e-01
9.269563759186969509e-01
9.270512948040117163e-01
9.271454213120648991e-01
9.272387609853605106e-01
9.273313193390222420e-01
9.274231018608102284e-01
9.275141140111419213e-01
9.276043612231155144e-01
9.276938489025320367e-01
9.277825824279196665e-01
9.278705671505590447e-01
9.279578083945109190e-01
9.280443114566467866e-01
9.281300816066716530e-01
9.282151240871632236e-01
9.282994441135979935e-01
9.283830468743859976e-01
9.284659375309053386e-01
9.285481212175372701e-01
9.286296030417036107e-01
9.287103880839043812e-01
9.287904813977534424e-01
9.288698880100246802e-01
9.289486129206895315e-01
9.290266611029549537e-01
9.291040375033174925e-01
9.291807470415964776e-01
9.292567946109865362e-01
9.293321850781004478e-01
9.294069232830179939e-01
9.294810140393332532e-01
9.295544621342074487e-01
9.296272723284142447e-01
9.296994493563948136e-01
9.297709979263077962e-01
9.298419227200852566e-01
9.299122283934869726e-01
9.299819195761493962e-01
9.300510008716503796e-01
9.301194768575606897e-01
9.301873520855029609e-01
9.302546310812119801e-01
9.303213183445905310e-01
9.303874183497742312e-01
9.304529355451902628e-01
9.305178743536179908e-01
9.305822391722555764e-01
9.306460343727821494e-01
9.307092643014183153e-01
9.307719332789985422e-01
9.308340456010305575e-01
9.308956055377668459e-01
9.309566173342683770e-01
9.310170852104745487e-01
9.310770133612707999e-01
9.311364059565618856e-01
9.311952671413368243e-01
9.312536010357447269e-01
9.313114117351618537e-01
9.313687033102665547e-01
9.314254798071119890e-01
9.314817452471988446e-01
9.315375036275502785e-01
9.315927589207864123e-01
9.316475150751982737e-01
9.317017760148251782e-01
9.317555456395310021e-01
9.318088278250827861e-01
9.318616264232221225e-01
9.319139452617536401e-01
9.319657881446141712e-01
9.320171588519546857e-01
9.320680611402234472e-01
9.321184987422421742e-01
9.321684753672896395e-01
9.322179947011778323e-01
9.322670604063421074e-01
9.323156761219132393e-01
9.323638454638070172e-01
9.324115720248074002e-01
9.324588593746429011e-01
9.325057110600776245e-01
9.325521306049944226e-01
9.325981215104750532e-01
9.326436872548886647e-01
9.326888312939786152e-01
9.327335570609432969e-01
9.327778679665256201e-01
9.328217673991022751e-01
9.328652587247614481e-01
9.329083452874000759e-01
9.329510304088038941e-01
9.329933173887408060e-01
9.330352095050428174e-01
9.330767100136996284e-01
9.331178221489456748e-01
9.331585491233463925e-01
9.331988941278913652e-01
9.332388603320806997e-01
9.332784508840173965e-01
9.333176689104925039e-01
9.333565175170824846e-01
9.333949997882312610e-01
9.334331187873472491e-01
9.334708775568915096e-01
9.335082791184684536e-01
9.335453264729176581e-01
9.335820226004056810e-01
9.336183704605134359e-01
9.336543729923348911e-01
9.336900331145633336e-01
9.337253537255852942e-01
9.337603377035736951e-01
9.337949879065761127e-01
9.338293071726131434e-01
9.338632983197635573e-01
9.338969641462633309e-01
9.339303074305955743e-01
9.339633309315844567e-01
9.339960373884821365e-01
9.340284295210733445e-01
9.340605100297566521e-01
9.340922815956458347e-01
9.341237468806565802e-01
9.341549085276048547e-01
9.341857691602948321e-01
9.342163313836205907e-01
9.342465977836507118e-01
9.342765709277247588e-01
9.343062533645468681e-01
9.343356476242791198e-01
9.343647562186367939e-01
9.343935816409767448e-01
9.344221263663948784e-01
9.344503928518183011e-01
9.344783835360984670e-01
9.345061008401031044e-01
9.345335471668132499e-01
9.345607249014132867e-01
9.345876364113835377e-01
9.346142840465951895e-01
9.346406701394034400e-01
9.346667970047388696e-01
9.346926669402026988e-01
9.347182822261563828e-01
9.347436451258186452e-01
9.347687578853510759e-01
9.347936227339610493e-01
9.348182418839854346e-01
9.348426175309861863e-01
9.348667518538428256e-01
9.348906470148441450e-01
9.349143051597800236e-01
9.349377284180351300e-01
9.349609189026778511e-01
9.349838787105543281e-01
9.350066099223789395e-01
9.350291146028261169e-01
9.350513948006203835e-01
9.350734525486305015e-01
9.350952898639554034e-01
9.351169087480210029e-01
9.351383111866661269e-01
9.351594991502364396e-01
9.351804745936701524e-01
9.352012394565940578e-01
9.352217956634092388e-01
9.352421451233809968e-01
9.352622897307314442e-01
9.352822313647258801e-01
9.353019718897624957e-01
9.353215131554629691e-01
9.353408569967608388e-01
9.353600052339858806e-01
9.353789596729634725e-01
9.353977221050860935e-01
9.354162943074184611e-01
9.354346780427725827e-01
9.354528750598029019e-01
9.354708870930881215e-01
9.354887158632223532e-01
9.355063630769004934e-01
9.355238304270068195e-01
9.355411195926939261e-01
9.355582322394794259e-01
9.355751700193251086e-01
9.355919345707204293e-01
9.356085275187772110e-01
9.356249504753053614e-01
9.356412050389021351e-01
9.356572927950368435e-01
9.356732153161304577e-01
9.356889741616500888e-01
9.357045708781803750e-01
9.357200069995150749e-01
9.357352840467366706e-01
9.357504035283024102e-01
9.357653669401245766e-01
9.357801757656527553e-01
9.357948314759579889e-01
9.358093355298107152e-01
9.358236893737710282e-01
9.358378944422556245e-01
9.358519521576349476e-01
9.358658639303000237e-01
9.358796311587512795e-01
9.358932552296765905e-01
9.359067375180305515e-01
9.359200793871113033e-01
9.359332821886469089e-01
9.359463472628672953e-01
9.359592759385840788e-01
9.359720695332731655e-01
9.359847293531476931e-01
9.359972566932379667e-01
9.360096528374676206e-01
9.360219190587345528e-01
9.360340566189792044e-01
9.360460667692722669e-01
9.360579507498797414e-01
9.360697097903475372e-01
9.360813451095713056e-01
9.360928579158707130e-01
9.361042494070755948e-01
9.361155207705794679e-01
9.361266731834355648e-01
9.361377078124175632e-01
9.361486258140966354e-01
9.361594283349120582e-01
9.361701165112528145e-01
9.361806914695157689e-01
9.361911543261918212e-01
9.362015061879284117e-01
9.362117481516072370e-01
9.362218813044089760e-01
9.362319067238898951e-01
9.362418254780497939e-01
9.362516386254016165e-01
9.362613472150446148e-01
9.362709522867274092e-01
9.362804548709242614e-01
9.362898559888995775e-01
9.362991566527777421e-01
9.363083578656109518e-01
9.363174606214468287e-01
9.363264659053971428e-01
9.363353746937022049e-01
9.363441879538011436e-01
9.363529066443961879e-01
9.363615317155193907e-01
9.363700641085960230e-01
9.363785047565154063e-01
9.363868545836899759e-01
9.363951145061245596e-01
9.364032854314774390e-01
9.364113682591289622e-01
9.364193638802377206e-01
9.364272731778127135e-01
9.364350970267686369e-01
9.364428362939937189e-01
9.364504918384110033e-01
9.364580645110385237e-01
9.364655551550531420e-01
9.364729646058481682e-01
9.364802936911008624e-01
9.364875432308269465e-01
9.364947140374437762e-01
9.365018069158296266e-01
9.365088226633816459e-01
9.365157620700828023e-01
9.365226259185462920e-01
9.365294149840889260e-01
9.365361300347809781e-01
9.365427718315076921e-01
9.365493411280243485e-01
9.365558386710118866e-01
9.365622652001446280e-01
9.365686214481294680e-01
9.365749081407767074e-01
9.365811259970490132e-01
9.365872757291212602e-01
9.365933580424281590e-01
9.365993736357275390e-01
9.366053232011509744e-01
9.366112074242598506e-01
9.366170269840946583e-01
9.366227825532335016e-01
9.366284747978440572e-01
9.366341043777350883e-01
9.366396719464108456e-01
9.366451781511208052e-01
9.366506236329168456e-01
9.366560090266967675e-01
9.366613349612614714e-01
9.366666020593661379e-01
9.366718109377678569e-01
9.366769622072770307e-01
9.366820564728057796e-01
9.366870943334217881e-01
9.366920763823936014e-01
9.366970032072422514e-01
9.367018753897874417e-01
9.367066935061986177e-01
9.367114581270387097e-01
9.367161698173195328e-01
9.367208291365402006e-01
9.367254366387388620e-01
9.367299928725413283e-01
9.367344983812033732e-01
9.367389537026580282e-01
9.367433593695638772e-01
9.367477159093482442e-01
9.367520238442522684e-01
9.367562836913770896e-01
9.367604959627278127e-01
9.367646611652579169e-01
9.367687798009118882e-01
9.367728523666730700e-01
9.367768793546005224e-01
9.367808612518793154e-01
9.367847985408562783e-01
9.367886916990882940e-01
9.367925411993812679e-01
9.367963475098330939e-01
9.368001110938753984e-01
9.368038324103119541e-01
9.368075119133649764e-01
9.368111500527122049e-01
9.368147472735280923e-01
9.368183040165224407e-01
9.368218207179841439e-01
9.368252978098171591e-01
9.368287357195804743e-01
9.368321348705278551e-01
9.368354956816460355e-01
9.368388185676940205e-01
9.368421039392381688e-01
9.368453522026972680e-01
9.368485637603695126e-01
9.368517390104786902e-01
9.368548783472071539e-01
9.368579821607322389e-01
9.368610508372660073e-01
9.368640847590872234e-01
9.368670843045812102e-01
9.368700498482718242e-01
9.368729817608590915e-01
9.368758804092540693e-01
9.368787461566120411e-01
9.368815793623711530e-01
9.368843803822829441e-01
9.368871495684436557e-01
9.368898872693389723e-01
9.368925938298642286e-01
9.368952695913658202e-01
9.368979148916738442e-01
9.369005300651314094e-01
9.369031154426284980e-01
9.369056713516360491e-01
9.369081981162367123e-01
9.369106960571564890e-01
9.369131654917928209e-01
9.369156067342525596e-01
9.369180200953796112e-01
9.369204058827860226e-01
9.369227644008775169e-01
9.369250959508943488e-01
9.369274008309323998e-01
9.369296793359749298e-01
9.369319317579254403e-01
9.369341583856334310e-01
9.369363595049223781e-01
9.369385353986265930e-01
9.369406863466075430e-01
9.369428126257935974e-01
9.369449145102003440e-01
9.369469922709638965e-01
9.369490461763625433e-01
9.369510764918510537e-01
9.369530834800824382e-01
9.369550674009404778e-01
9.369570285115577102e-01
9.369589670663526215e-01
9.369608833170471884e-01
9.369627775126995184e-01
9.369646498997230566e-01
9.369665007219191155e-01
9.369683302204997455e-01
9.369701386341089400e-01
9.369719261988544989e-01
9.369736931483277909e-01
9.369754397136309532e-01
9.369771661234006510e-01
9.369788726038308369e-01
9.369805593786987297e-01
9.369822266693903501e-01
9.369838746949169517e-01
9.369855036719463293e-01
9.369871138148232470e-01
9.369887053355885342e-01
9.369902784440101717e-01
9.369918333475972805e-01
9.369933702516271001e-01
9.369948893591668604e-01
9.369963908710963185e-01
9.369978749861260781e-01
9.369993419008245672e-01
9.370007918096343591e-01
9.370022249048960417e-01
9.370036413768706440e-01
9.370050414137548467e-01
9.370064252017114015e-01
9.370077929248799009e-01
9.370091447654009809e-01
9.370104809034374149e-01
9.370118015171955417e-01
9.370131067829388094e-01
9.370143968750128671e-01
9.370156719658655486e-01
9.370169322260595290e-01
9.370181778243014126e-01
9.370194089274509475e-01
9.370206257005458950e-01
9.370218283068201259e-01
9.370230169077173876e-01
9.370241916629155066e-01
9.370253527303404883e-01
9.370265002661862797e-01
9.370276344249321987e-01
9.370287553593605878e-01
9.370298632205730227e-01
9.370309581580087421e-01
9.370320403194629666e-01
9.370331098511009982e-01
9.370341668974774274e-01
9.370352116015512323e-01
9.370362441047035418e-01
9.370372645467538453e-01
9.370382730659734261e-01
9.370392697991056785e-01
9.370402548813800969e-01
9.370412284465278185e-01
9.370421906267973888e-01
9.370431415529665298e-01
9.370440813543674530e-01
9.370450101588916336e-01
9.370459280930094614e-01
9.370468352817843405e-01
9.370477318488888985e-01
9.370486179166165330e-01
9.370494936058979540e-01
9.370503590363170598e-01
9.370512143261223725e-01
9.370520595922393614e-01
9.370528949502893168e-01
9.370537205146028947e-01
9.370545363982258902e-01
9.370553427129459934e-01
9.370561395692920126e-01
9.370569270765571890e-01
9.370577053428088554e-01
9.370584744748993167e-01
9.370592345784860555e-01
9.370599857580345082e-01
9.370607281168370495e-01
9.370614617570249827e-01
9.370621867795800863e-01
9.370629032843462713e-01
9.370636113700412384e-01
9.370643111342724652e-01
9.370650026735442006e-01
9.370656860832718982e-01
9.370663614577940947e-01
9.370670288903812928e-01
9.370676884732509482e-01
9.370683402975770182e-01
9.370689844535020629e-01
9.370696210301454609e-01
9.370702501156195074e-01
9.370708717970357426e-01
9.370714861605187185e-01
9.370720932912131040e-01
9.370726932733006720e-01
9.370732861900024080e-01
9.370738721235957192e-01
9.370744511554225387e-01
9.370750233658970973e-01
9.370755888345216889e-01
9.370761476398868917e-01
9.370766998596953279e-01
9.370772455707577775e-01
9.370777848490106088e-01
9.370783177695233279e-01
9.370788444065085709e-01
9.370793648333318737e-01
9.370798791225186664e-01
9.370803873457652644e-01
9.370808895739477506e-01
9.370813858771325222e-01
9.370818763245807315e-01
9.370823609847619418e-01
9.370828399253611218e-01
9.370833132132845300e-01
9.370837809146740360e-01
9.370842430949113400e-01
9.370846998186247445e-01
9.370851511497058084e-01
9.370855971513057936e-01
9.370860378858525408e-01
9.370864734150551323e-01
9.370869037999136619e-01
9.370873291007251193e-01
9.370877493770927158e-01
9.370881646879299920e-01
9.370885750914745849e-01
9.370889806452927795e-01
9.370893814062829508e-01
9.370897774306918837e-01
9.370901687741129971e-01
9.370905554914989999e-01
9.370909376371677757e-01
9.370913152648083777e-01
9.370916884274902436e-01
9.370920571776685248e-01
9.370924215671895263e-01
9.370927816473029193e-01
9.370931374686614079e-01
9.370934890813338303e-01
9.370938365348044918e-01
9.370941798779884868e-01
9.370945191592322532e-01
9.370948544263170144e-01
9.370951857264768758e-01
9.370955131063940513e-01
9.370958366122044136e-01
9.370961562895152586e-01
9.370964721833986433e-01
9.370967843384039320e-01
9.370970927985625698e-01
9.370973976073952993e-01
9.370976988079130487e-01
9.370979964426284781e-01
9.370982905535590879e-01
9.370985811822303280e-01
9.370988683696875876e-01
9.370991521564955296e-01
9.370994325827459726e-01
9.370997096880643307e-01
9.370999835116103904e-01
9.371002540920936319e-01
9.371005214677649020e-01
9.371007856764309585e-01
9.371010467554565793e-01
9.371013047417714459e-01
9.371015596718716978e-01
9.371018115818301464e-01
9.371020605072913900e-01
9.371023064834909100e-01
9.371025495452444121e-01
9.371027897269667006e-01
9.371030270626673486e-01
9.371032615859541393e-01
9.371034933300472769e-01
9.371037223277753903e-01
9.371039486115794181e-01
9.371041722135250440e-01
9.371043931652973669e-01
9.371046114982154451e-01
9.371048272432258575e-01
9.371050404309141379e-01
9.371052510915074407e-01
9.371054592548775375e-01
9.371056649505462577e-01
9.371058682076878199e-01
9.371060690551342720e-01
9.371062675213791549e-01
9.371064636345803889e-01
9.371066574225669354e-01
9.371068489128361323e-01
9.371070381325687926e-01
9.371072251086218774e-01
9.371074098675366004e-01
9.371075924355424247e-01
9.371077728385602823e-01
9.371079511022073483e-01
9.371081272517980398e-01
9.371083013123467920e-01
9.371084733085774943e-01
9.371086432649197162e-01
9.371088112055184771e-01
9.371089771542318037e-01
9.371091411346353928e-01
9.371093031700307163e-01
9.371094632834430227e-01
9.371096214976256666e-01
9.371097778350645502e-01
9.371099323179786778e-01
9.371100849683273726e-01
9.371102358078109429e-01
9.371103848578717921e-01
9.371105321396991927e-01
9.371106776742341715e-01
9.371108214821712856e-01
9.371109635839581786e-01
9.371111039998030190e-01
9.371112427496747221e-01
9.371113798533049488e-01
9.371115153301955436e-01
9.371116491996184239e-01
9.371117814806114721e-01
9.371119121919949668e-01
9.371120413523623682e-01
9.371121689800900878e-01
9.371122950933362672e-01
9.371124197100444420e-01
9.371125428479447628e-01
9.371126645245617670e-01
9.371127847572080505e-01
9.371129035629940374e-01
9.371130209588279802e-01
9.371131369614175144e-01
9.371132515872730995e-01
9.371133648527092408e-01
9.371134767738473759e-01
9.371135873666212035e-01
9.371136966467707996e-01
9.371138046298533864e-01
9.371139113312426661e-01
9.371140167661285991e-01
9.371141209495211788e-01
9.371142238962550941e-01
9.371143256209868433e-01
9.371144261382005070e-01
9.371145254622086362e-01
9.371146236071558056e-01
9.371147205870180574e-01
9.371148164156044569e-01
9.371149111065623094e-01
9.371150046733767169e-01
9.371150971293750187e-01
9.371151884877225724e-01
9.371152787614329682e-01
9.371153679633635880e-01
9.371154561062201571e-01
9.371155432025567444e-01
9.371156292647823127e-01
9.371157143051536131e-01
9.371157983357859544e-01
9.371158813686510936e-01
9.371159634155766804e-01
9.371160444882522533e-01
9.371161245982272403e-01
9.371162037569167325e-01
9.371162819755983753e-01
9.371163592654172536e-01
9.371164356373865578e-01
9.371165111023864736e-01
9.371165856711729525e-01
9.371166593543694967e-01
9.371167321624783719e-01
9.371168041058740572e-01
9.371168751948093512e-01
9.371169454394160381e-01
9.371170148497049990e-01
9.371170834355682100e-01
9.371171512067815179e-01
9.371172181730059725e-01
9.371172843437851618e-01
9.371173497285503196e-01
9.371174143366238773e-01
9.371174781772143580e-01
9.371175412594234810e-01
9.371176035922420544e-01
9.371176651845591898e-01
9.371177260451549751e-01
9.371177861827050259e-01
9.371178456057870365e-01
9.371179043228691219e-01
9.371179623423266936e-01
9.371180196724321343e-01
9.371180763213605713e-01
9.371181322971902095e-01
9.371181876079042183e-01
9.371182422613896223e-01
9.371182962654405202e-01
9.371183496277613045e-01
9.371184023559616660e-01
9.371184544575614783e-01
9.371185059399941286e-01
9.371185568106018549e-01
9.371186070766419629e-01
9.371186567452867155e-01
9.371187058236203349e-01
9.371187543186447755e-01
9.371188022372801685e-01
9.371188495863628232e-01
9.371188963726484467e-01
9.371189426028136982e-01
9.371189882834555229e-01
9.371190334210932615e-01
9.371190780221678729e-01
9.371191220930453758e-01
9.371191656400168490e-01
9.371192086692956558e-01
9.371192511870246600e-01
9.371192931992740061e-01
9.371193347120407857e-01
9.371193757312518136e-01
9.371194162627621838e-01
9.371194563123608212e-01
9.371194958857644863e-01
9.371195349886252135e-01
9.371195736265253151e-01
9.371196118049853752e-01
9.371196495294545903e-01
9.371196868053236484e-01
9.371197236379167350e-01
9.371197600324927546e-01
9.371197959942541011e-01
9.371198315283344460e-01
9.371198666398140587e-01
9.371199013337073724e-01
9.371199356149731985e-01
9.371199694885091747e-01
9.371200029591545411e-01
9.371200360316960243e-01
9.371200687108587335e-01
9.371201010013137100e-01
9.371201329076757069e-01
9.371201644345082959e-01
9.371201955863167621e-01
9.371202263675544319e-01
9.371202567826244501e-01
9.371202868358753379e-01
9.371203165316035477e-01
9.371203458740570147e-01
9.371203748674324929e-01
9.371204035158774426e-01
9.371204318234886976e-01
9.371204597943166847e-01
9.371204874323628697e-01
9.371205147415818670e-01
9.371205417258812176e-01
9.371205683891222771e-01
9.371205947351209931e-01
9.371206207676487931e-01
9.371206464904300315e-01
9.371206719071488722e-01
9.371206970214429610e-01
9.371207218369083103e-01
9.371207463570969676e-01
9.371207705855223447e-01
9.371207945256511129e-01
9.371208181809131954e-01
9.371208415546984360e-01
9.371208646503528250e-01
9.371208874711866033e-01
9.371209100204670461e-01
9.371209323014266790e-01
9.371209543172577261e-01
9.371209760711149972e-01
9.371209975661158875e-01
9.371210188053418211e-01
9.371210397918378066e-01
9.371210605286114381e-01
9.371210810186358930e-01
9.371211012648479333e-01
9.371211212701526794e-01
9.371211410374180595e-01
9.371211605694790281e-01
9.371211798691377881e-01
9.371211989391614594e-01
9.371212177822876299e-01
9.371212364012168061e-01
9.371212547986236263e-01
9.371212729771465355e-01
9.371212909393940027e-01
9.371213086879447429e-01
9.371213262253463849e-01
9.371213435541144721e-01
9.371213606767390125e-01
9.371213775956781511e-01
9.371213943133602786e-01
9.371214108321862524e-01
9.371214271545286190e-01
9.371214432827315033e-01
9.371214592191112747e-01
9.371214749659586563e-01
9.371214905255326189e-01
9.371215059000705949e-01
9.371215210917841487e-01
9.371215361028517599e-01
9.371215509354337003e-01
9.371215655916595999e-01
9.371215800736388823e-01
9.371215943834512174e-01
9.371216085231531823e-01
9.371216224947802598e-01
9.371216363003392891e-01
9.371216499418150159e-01
9.371216634211708696e-01
9.371216767403429682e-01
9.371216899012505541e-01
9.371217029057832271e-01
9.371217157558134891e-01
9.371217284531889735e-01
9.371217409997364411e-01
9.371217533972626690e-01
9.371217656475496760e-01
9.371217777523612735e-01
9.371217897134382913e-01
9.371218015325022410e-01
9.371218132112556498e-01
9.371218247513781741e-01
9.371218361545325948e-01
9.371218474223572681e-01
9.371218585564771164e-01
9.371218695584937475e-01
9.371218804299925598e-01
9.371218911725371914e-01
9.371219017876742940e-01
9.371219122769335330e-01
9.371219226418250337e-01
9.371219328838416018e-01
9.371219430044569476e-01
9.371219530051309032e-01
9.371219628873010965e-01
9.371219726523926097e-01
9.371219823018113182e-01
9.371219918369481094e-01
9.371220012591739978e-01
9.371220105698488956e-01
9.371220197703120647e-01
9.371220288618890004e-01
9.371220378458890998e-01
9.371220467236077711e-01
9.371220554963226590e-01
9.371220641652984185e-01
9.371220727317822741e-01
9.371220811970094600e-01
9.371220895621986680e-01
9.371220978285562664e-01
9.371221059972701939e-01
9.371221140695196183e-01
9.371221220464658330e-01
9.371221299292588069e-01
9.371221377190326329e-01
9.371221454169094134e-01
9.371221530239981501e-01
9.371221605413940781e-01
9.371221679701802199e-01
9.371221753114253872e-01
9.371221825661878446e-01
9.371221897355100916e-01
9.371221968204259678e-01
9.371222038219543249e-01
9.371222107411032454e-01
9.371222175788707087e-01
9.371222243362362647e-01
9.371222310141767986e-01
9.371222376136502108e-01
9.371222441356070743e-01
9.371222505809850833e-01
9.371222569507121625e-01
9.371222632457036905e-01
9.371222694668654984e-01
9.371222756150916489e-01
9.371222816912665454e-01
9.371222876962632675e-01
9.371222936309436813e-01
9.371222994961629915e-01
9.371223052927624142e-01
9.371223110215739505e-01
9.371223166834211638e-01
9.371223222791162932e-01
9.371223278094645837e-01
9.371223332752576241e-01
9.371223386772816744e-01
9.371223440163111151e-01
9.371223492931097798e-01
9.371223545084372830e-01
9.371223596630393615e-01
9.371223647576565341e-01
9.371223697930182173e-01
9.371223747698440576e-01
9.371223796888489277e-01
9.371223845507374861e-01
9.371223893562040663e-01
9.371223941059354523e-01
9.371223988006142092e-01
9.371224034409093573e-01
9.371224080274845880e-01
9.371224125609955991e-01
9.371224170420910937e-01
9.371224214714093392e-01
9.371224258495837178e-01
9.371224301772368426e-01
9.371224344549899943e-01
9.371224386834493547e-01
9.371224428632191072e-01
9.371224469948954416e-01
9.371224510790652218e-01
9.371224551163105376e-01
9.371224591072062626e-01
9.371224630523193877e-01
9.371224669522110196e-01
9.371224708074339382e-01
9.371224746185380372e-01
9.371224783860616636e-01
9.371224821105414993e-01
9.371224857925030127e-01
9.371224894324703403e-01
9.371224930309586254e-01
9.371224965884753511e-01
9.371225001055270010e-01
9.371225035826065142e-01
9.371225070202086060e-01
9.371225104188177779e-01
9.371225137789125359e-01
9.371225171009670563e-01
9.371225203854504082e-01
9.371225236328245556e-01
9.371225268435454669e-01
9.371225300180673345e-01
9.371225331568330263e-01
