1.672827378026602929e+01 -1.995399017010958342e+00
1.671058338380646546e+01 -1.972675126214641583e+00
1.669625412326625380e+01 -1.954315324766965345e+00
1.668774429051957497e+01 -1.943431504086985395e+00
1.668766793779658997e+01 -1.943338843024082996e+00
1.691853271617924648e+01 -1.898825954942222394e+00
1.716886554904015583e+01 -1.522646670109748968e+00
2.061090209457535138e+01 -1.565920203073399852e+00
2.112243716236014635e+01 -1.645850985128893385e+00
2.112377424909524137e+01 -1.655579665192606686e+00
2.112274361674570855e+01 -1.668679866107469101e+00
2.112150318646806468e+01 -1.684308029534618667e+00
