-2.615470553476859195e+00 6.164785919335277198e-01
-2.137234671721248702e+00 5.780171937783501468e-01
-1.658998865235244979e+00 5.387365293596672045e-01
-1.180763058971669111e+00 4.997715860167855073e-01
-7.025272528869985766e-01 4.607926621933328692e-01
-2.243507700935561677e-01 4.215511544751254225e-01
-1.374534503368493032e-01 4.445133638393246600e-01
1.929783489771663973e-01 7.239199137722753807e-01
5.404096760691059487e-01 1.046578140250023381e+00
8.877803921434650469e-01 1.370997721120681634e+00
1.235151116302635632e+00 1.696514160124833914e+00
1.582521841149681752e+00 2.023122406016606867e+00
