2.401158470701229675e+00 2.576958922082284165e-01
2.418848867160793503e+00 2.349720014119116573e-01
2.433178127701005167e+00 2.166121999642354190e-01
2.441687960447683992e+00 2.057283792842554693e-01
2.441764187821217291e+00 2.056357182213530699e-01
2.189306759452154694e+00 1.611228301394924678e-01
-1.082698248565634458e+00 -2.150564546929809584e-01
-6.696967445219629056e+00 -1.717829217293300736e-01
-7.227610521337279437e+00 -9.185213967383654143e-02
-7.228945283392230081e+00 -8.212345961012323947e-02
-7.227914650958902953e+00 -6.902325869526082514e-02
-7.226674220681259087e+00 -5.339509526811125895e-02
