-1.999999243065997412e-01 -6.148888617598269324e-02
-1.999999997880297364e-01 -6.647006614087347387e-02
-1.999999999998514078e-01 -7.063197984225877413e-02
-1.999999999892456692e-01 -7.510961461944559714e-02
-1.999999999913137927e-01 -7.957326869016789761e-02
-1.999999999978479825e-01 -8.365045538170490236e-02
1.676521324971200766e-01 -8.343560977243691390e-02
1.999999999937222273e-01 -7.731377847666787151e-02
1.999999999458551558e-01 -6.873006258016711723e-02
1.999999999997661426e-01 -6.159228424586049577e-02
1.999999999851105326e-01 -5.555130137032793236e-02
1.999999992827348194e-01 -5.060212538216801725e-02
