-2.815470477783458936e+00 5.549897057575450265e-01
-2.337234671509278439e+00 5.115471276374766729e-01
-1.858998865235096387e+00 4.681045495174084303e-01
-1.380763058960914780e+00 4.246619713973399102e-01
-9.025272528783123693e-01 3.812193935031649716e-01
-4.243507700914041503e-01 3.379006990934205201e-01
3.019868216027077681e-02 3.610777540668877461e-01
3.929783489708886246e-01 6.466061352956075092e-01
7.404096760149611045e-01 9.778480776698562638e-01
1.087780392143231190e+00 1.309405436874821138e+00
1.435151116287746165e+00 1.640962858754505982e+00
1.782521840432416571e+00 1.972520280634438850e+00
