1.666925931566705898e+01 -1.016931840935640348e-03
1.666836714615991966e+01 -2.547026522998472226e-05
1.666834525290910207e+01 -1.141943449289132987e-06
1.666834424536757098e+01 -2.246267524037564165e-08
1.666893384414154511e+01 -1.646515954086800141e-08
1.890724437628300336e+01 -1.772120558169907242e-09
1.926193047304152017e+01 -3.004146797893503119e-09
2.226247499586195033e+01 -1.134113755979082119e-08
2.242349233011157850e+01 -8.511958591248573471e-09
2.242395363750821602e+01 3.769104668462503958e-07
2.238016242689118229e+01 1.400724440385760605e+00
2.237138397299883863e+01 1.534561287331943413e+00
