-1.999941314740443232e-01 -3.532819327128750020e-02
-1.999997543491831564e-01 -4.606994942761449829e-02
-1.999999919754404942e-01 -4.941124930319895636e-02
-1.999999978349391583e-01 -5.237528895874254964e-02
-1.999999955437070653e-01 -5.584217270716707038e-02
-1.999999999634688164e-01 -6.153122927622189930e-02
1.999999994460237573e-01 -5.617252535287087234e-02
1.999999992542323968e-01 -4.187947791360446814e-02
1.999999998684052205e-01 -3.624735465121697864e-02
1.999999999475403634e-01 -3.179454653587843183e-02
1.575332391300487966e-01 -2.486556997111000200e-02
1.999999994384666913e-01 -2.288980860270894979e-02
