3.852402496575948021e+00 1.302975332022085819e+00
3.853294666083087350e+00 1.301983870446380198e+00
3.853316559333904934e+00 1.301959542124599523e+00
3.853317566875375633e+00 1.301958422643825442e+00
3.852714902897584892e+00 1.301958416646309624e+00
1.200139967431098853e+00 1.301958401953270617e+00
-5.686171478701087523e+00 1.301958403185296875e+00
-9.724849811221318419e+00 1.301958411522287751e+00
-9.890342083442421384e+00 1.301958408693108860e+00
-9.890803533470993614e+00 1.301958023270683329e+00
-9.847012322839507448e+00 -9.876604020461043909e-02
-9.838233868947163785e+00 -2.326028871507932472e-01
