-2.807942470125868173e+00 4.641981239865510256e-01
-2.294900924819791577e+00 4.967470839910795299e-01
-1.781859379513716091e+00 5.292960439956081453e-01
-1.268817834207639050e+00 5.618450040001367052e-01
-7.557763104398846910e-01 5.943939906394590800e-01
-2.441600403544373910e-01 6.296581822174470711e-01
1.793758881947882800e-01 8.384407731279157616e-01
4.985834036829898119e-01 1.235633010688558242e+00
8.119265225161684807e-01 1.643142944769252045e+00
1.125255275141975542e+00 2.050691897329254498e+00
1.438584027743237792e+00 2.458240857333728879e+00
1.751912780344530240e+00 2.865789817338258327e+00
