2.052166181224300701e+01 1.301958400181150166e+00
2.052166181224300701e+01 1.301958400181150166e+00
2.052166181224300701e+01 1.301958400181150166e+00
2.052166181224294661e+01 1.301958400181150166e+00
2.052164874703913000e+01 1.301958400181150166e+00
2.010738434371410222e+01 1.301958400181150166e+00
1.357575899434043265e+01 1.301958400181150166e+00
1.253762518464063191e+01 1.301958400181150166e+00
1.253315024666915711e+01 1.301958400181150166e+00
1.253315010403722241e+01 1.301958400181150166e+00
1.253315010405167484e+01 1.301958400181150166e+00
1.253315010405167484e+01 1.301958400181150166e+00
