0.000000000000000000e+00
5.626978408189729775e-03
5.957438743959328833e-03
2.528983604934798707e-02
2.625079698369715137e-02
2.863991147979517288e-02
6.004361991956867761e-02
6.342709881385635851e-02
9.638634197240922297e-02
1.392226286609128394e-01
1.532956869408091949e-01
2.122913879680006777e-01
3.797882888365633480e-01
6.090230190426061396e-01
7.031600701994027425e-01
8.735673359734624777e-01
9.609950047603539325e-01
9.739358284129862042e-01
9.783387813268992206e-01
9.809487361443038900e-01
9.851344132509717300e-01
9.866793253733718849e-01
9.867560485458878317e-01
9.868100782569725338e-01
9.867433263170644064e-01
9.865851424782492440e-01
9.864779902484860363e-01
9.860694286741098491e-01
9.858865241486390874e-01
9.857834791566731925e-01
