0.000000000000000000e+00
-4.983921673309878869e-04
6.188621039700252686e-04
3.126733801389511638e-03
9.148926421931534783e-03
1.170108447870477943e-02
1.845302258075285154e-02
2.581059885014076391e-02
1.674390116041362536e-02
2.410589315070193334e-02
4.166252664911713338e-02
5.216352697495933721e-02
1.362633985841825990e-01
2.760680390486967006e-01
3.809133252938474712e-01
5.902271044203809547e-01
7.499085108885994444e-01
8.742916451259217236e-01
9.149138890231588439e-01
9.186884767718959122e-01
9.307561526495978788e-01
9.473868102574960481e-01
9.498152398334959168e-01
9.497335438281405695e-01
9.491222976048343529e-01
9.485146911762405431e-01
9.460140045730097702e-01
9.454762571697161722e-01
9.431452233703926380e-01
9.411342081938188775e-01
