0.000000000000000000e+00
2.564293120429370944e-03
3.288150423964677268e-03
1.420828492536875022e-02
1.769986170281434221e-02
2.017049797924997528e-02
3.924832125016076284e-02
4.461884883199856294e-02
5.656512156641142763e-02
8.166426090580738983e-02
9.747910679496316066e-02
1.322274574714800144e-01
2.580258437103729596e-01
4.425455290456514201e-01
5.420366977466251068e-01
7.318972201969217162e-01
8.554517578244766884e-01
9.241137367694539639e-01
9.466263351750290322e-01
9.498186064580999011e-01
9.579452829502848044e-01
9.670330678154339665e-01
9.682856441896918742e-01
9.682718110425565516e-01
9.679328119609493797e-01
9.675499168272448935e-01
9.662459974107479033e-01
9.657728429219130106e-01
9.645158737595158627e-01
9.634588436752460350e-01
