nan
nan
2.003692679796644072e+01
1.668892551925370782e+01
1.569683365255089669e+01
2.030609088628209591e+01
2.075999772794257581e+01
1.522805995781511257e+01
1.822541533409810910e+01
1.616447436213247713e+01
1.595201875972067640e+01
1.796133241154193172e+01
1.400790487006957008e+01
2.280906919569835978e+01
2.778759884733359442e+01
1.387055116028651902e+01
2.516911684894870405e+01
3.321272285536043967e+01
3.886775777927788056e+01
3.838168326229637728e+01
3.215308398635825426e+01
3.443499840410453317e+01
3.996461471297706680e+01
3.543758330669297152e+01
2.481006836852729336e+01
2.048043816658686467e+01
2.435509393954481183e+01
2.896390317573372997e+01
2.861695187549734243e+01
3.155652244582144661e+01
