nan
nan
1.657701459428276891e+01
1.305145749145285450e+01
1.389340812601238362e+01
1.670514394825430315e+01
1.663149109613818766e+01
1.238151296233019671e+01
1.205081062302017259e+01
1.047007623706682367e+01
1.009329424210631387e+01
1.223629269259108199e+01
8.615088318747446294e+00
1.798303778673473019e+01
1.969409702955024244e+01
6.187202498625895331e+00
1.385974202608103134e+01
2.689088353122078345e+01
3.012620417746690649e+01
3.079483821897504114e+01
2.534570118493044788e+01
2.633162341571232901e+01
3.281970625605664083e+01
2.732232928449583298e+01
1.698540402142393901e+01
1.135279365312936584e+01
1.358458507266289317e+01
1.962121659029120124e+01
2.185387361025812325e+01
2.165221422883663394e+01
