nan
nan
1.832550429853350238e+01
1.388064928942964116e+01
1.702371467855062193e+01
1.703990399349821772e+01
1.855173156444096350e+01
2.182208018605381739e+01
1.589828275651392531e+01
1.999098035281930663e+01
2.400157925261613201e+01
1.707092097259612018e+01
1.630862943099049289e+01
2.328671455562722414e+01
2.498860121953674351e+01
1.904285579989556965e+01
1.399146279908131518e+01
7.938144200795293592e+00
9.483347145587124771e+00
8.216231390334922224e+00
2.750925500132375134e+00
1.389411951273173962e-01
9.547096999300821452e-01
1.299124395488283401e+00
3.227533681312590552e+00
4.967366582315865919e+00
5.877587070312595863e+00
4.006626130107484585e+00
3.079996504908644184e+00
4.928104942214282858e+00
