nan
nan
1.315709614976250030e+01
8.813843124699891618e+00
1.163588570726510341e+01
1.185534199346269268e+01
1.318674336953515080e+01
1.531898836578841916e+01
8.198233397949243439e+00
1.176002567016523059e+01
1.604779400833414016e+01
1.048817873815759505e+01
9.995771562743055227e+00
1.687447241319847180e+01
1.638217368950853015e+01
1.161068215709735085e+01
8.563978685792323020e+00
4.194959444615994570e+00
4.237930093014073307e+00
3.411044542883750808e+00
-1.070762794473343549e+00
-2.592218857405169441e+00
-1.816331174016176053e+00
-1.948853222467105795e+00
-2.257819353161404641e-01
1.633274231950554212e+00
1.823201036479207060e+00
-5.536483071709226156e-01
-6.841445612087895256e-01
1.040185184255658923e-01
