1.000000000000001776e+00
1.000498392167330053e+00
9.993811378960305580e-01
9.968732661986100529e-01
9.908510735780694523e-01
9.882989155212941190e-01
9.815469774192471242e-01
9.741894011498591910e-01
9.832560988395870893e-01
9.758941068492980042e-01
9.583374733508829291e-01
9.478364730250409265e-01
8.637366014158173178e-01
7.239319609513030773e-01
6.190866747061527509e-01
4.097728955796197114e-01
2.500914891114006111e-01
1.257083548740779433e-01
8.508611097684018465e-02
8.131152322810132616e-02
6.924384735040041428e-02
5.261318974250229347e-02
5.018476016650491589e-02
5.026645617185754311e-02
5.087770239516647280e-02
5.148530882376128881e-02
5.398599542698996612e-02
5.452374283028575686e-02
5.685477662960858325e-02
5.886579180617992901e-02
