9.999999999999978906e-01
9.943730215918092918e-01
9.940425612560411794e-01
9.747101639506502435e-01
9.737492030163036327e-01
9.713600885202035018e-01
9.399563800804306979e-01
9.365729011861437803e-01
9.036136580275913044e-01
8.607773713390854953e-01
8.467043130591911382e-01
7.877086120319992668e-01
6.202117111634365410e-01
3.909769809573936938e-01
2.968399298005972575e-01
1.264326640265381052e-01
3.900499523964655324e-02
2.606417158701389292e-02
2.166121867309992594e-02
1.905126385569553757e-02
1.486558674902717717e-02
1.332067462662702567e-02
1.324395145411187344e-02
1.318992174302484333e-02
1.325667368293462905e-02
1.341485752175078025e-02
1.352200975151331488e-02
1.393057132588943967e-02
1.411347585135999325e-02
1.421652084332629060e-02
