9.999999999999997780e-01
9.974357068795696168e-01
9.967118495760358687e-01
9.857917150746301482e-01
9.823001382971865425e-01
9.798295020207488104e-01
9.607516787498389110e-01
9.553811511680014856e-01
9.434348784335891969e-01
9.183357390941917497e-01
9.025208932050370336e-01
8.677725425285200966e-01
7.419741562896269294e-01
5.574544709543484133e-01
4.579633022533750042e-01
2.681027798030788944e-01
1.445482421755235891e-01
7.588626323054591116e-02
5.337366482497005876e-02
5.018139354189843360e-02
4.205471704971379399e-02
3.296693218456465957e-02
3.171435581030839640e-02
3.172818895744119322e-02
3.206718803905055093e-02
3.245008317275603626e-02
3.375400258925163877e-02
3.422715707808760000e-02
3.548412624048428998e-02
3.654115632475311154e-02
