-1.914116309588438813e+00
7.471539323539480582e-02
5.752960687402314255e-01
-1.474407894494497162e+00
1.846528709628422860e+00
-2.548718557609426227e-01
-1.492515370367435423e-01
1.255305632912100933e+01
1.981649116700109303e+01
1.788089532125994907e+01
1.317088635098317617e+01
1.151567733152984907e+01
1.257114197778440712e+01
1.230089677742885712e+01
1.669432601367143576e+01
1.583144864546407327e+01
6.739703896622008195e+00
1.045921432668982121e+01
1.808404947993005152e+01
1.724990242264311036e+01
1.506500659498262529e+01
1.417940334609531838e+01
1.657828355948163335e+01
1.877435401569587725e+01
1.846744662510063151e+01
1.569011019774547222e+01
1.278212841889063611e+01
1.478559220815740183e+01
1.601860672771034189e+01
1.547519866777010122e+01
