2.369150212336457528e+01
2.662871024019891664e+01
3.192832794115928507e+01
3.126838957039849021e+01
2.474984306692400793e+01
1.933290574010041496e+01
2.226510256343835437e+01
3.446392345026631432e+01
2.826897472419760149e+01
1.164472579405844144e+01
9.720993847555384093e+00
1.052908955957877346e+01
1.106731497778381801e+01
1.196065855471808881e+01
1.111486473194646507e+01
8.569175652182142500e+00
1.086900041450379817e+01
1.653523212150661692e+01
1.743369316111079570e+01
1.739100908764483933e+01
1.562292434679192787e+01
1.177922614886833586e+01
1.357746035455856770e+01
1.584901778720681520e+01
1.480652187597815761e+01
1.466920283382859225e+01
1.318462873313244543e+01
1.273887375017458901e+01
1.489327194603181148e+01
1.597706691212666996e+01
