2.126491719755265919e+01
2.427213642665851623e+01
2.811387430682769661e+01
2.667636875879038172e+01
1.844900853003485963e+01
1.256636143459555299e+01
1.653629916473113326e+01
2.785183749605311476e+01
2.159954201992040623e+01
7.768537199554092609e+00
6.346416128677017987e+00
6.895857521754757968e+00
7.314811766445377117e+00
7.592149056367676785e+00
6.793373135029743715e+00
3.724727343976105054e+00
6.099972501861381957e+00
1.294988933619362825e+01
1.478037606034233065e+01
1.454305265728927488e+01
1.195603492819078895e+01
8.733856200300017747e+00
1.020614364086456050e+01
1.210846102738132402e+01
1.134595052005883531e+01
1.073201469526200391e+01
9.661584737409413037e+00
9.386409523475363059e+00
1.125708678763131587e+01
1.185033076372433314e+01
