1.077297927158577195e+00
2.418301594610879235e+00
3.342181240989628321e+00
2.484847719889212492e+00
7.049917141957243949e+00
6.845079791708381656e+00
4.489834260849179692e+00
1.885742317769391718e+01
2.513547144809648870e+01
2.284021336645469802e+01
1.877800452831755251e+01
1.689417246543735018e+01
1.682089513931652647e+01
1.591930773792609344e+01
2.277544352708986253e+01
2.222831492646555418e+01
1.157792164915199251e+01
1.725811141086612821e+01
2.323832234119882401e+01
2.388009151992554990e+01
2.084119068840257327e+01
1.844782656336689541e+01
2.172647698945145223e+01
2.340189050059236564e+01
2.279074977530418522e+01
2.098209091847517271e+01
1.680239206505956417e+01
1.936696105242527821e+01
2.155886951162306886e+01
2.044750571897442981e+01
