-4.905530546335454822e+00
-2.268870808140089679e+00
-2.191589103509165248e+00
-5.433663508878207260e+00
-3.356859722700398230e+00
-7.354823503230266901e+00
-4.788337334922666777e+00
6.248689480548101471e+00
1.449751088590569736e+01
1.292157727606520012e+01
7.563768173648798943e+00
6.137182197622347957e+00
8.321388816252287768e+00
8.682485816931620803e+00
1.061320850025300722e+01
9.434582364462592352e+00
1.901486144092024766e+00
3.660317242513513314e+00
1.292977661866127903e+01
1.061971332536067081e+01
9.288822501562677303e+00
9.910980128823741353e+00
1.143009012951181447e+01
1.414681753079938709e+01
1.414414347489707779e+01
1.039812947701577350e+01
8.761864772721708050e+00
1.020422336388952544e+01
1.047834394379761491e+01
1.050289161656577264e+01
