1.688529840606281240e+01 -9.235970635200663192e-01
1.680357860030134276e+01 -8.261449098904987132e-01
1.727282073234432858e+01 -1.401908742760103577e+00
1.725514640506679953e+01 -1.379488099500869813e+00
1.724058169991199563e+01 -1.361057059266372438e+00
1.723299072797613007e+01 -1.351467022267761386e+00
1.723630498280588697e+01 -1.354809378523052388e+00
1.904251265115243186e+01 -1.042013586050097418e+00
1.936120467991563743e+01 -7.243767342660933917e-01
2.190744212865915941e+01 -9.707305134836008431e-01
2.196099843340041247e+01 -9.858924417410325214e-01
2.196048355955460707e+01 -9.977894153136992461e-01
