-3.731368327894402981e+00 -8.033543619772141042e-01
-3.206336739386175694e+00 -8.451427545346601455e-01
-2.535778057012988640e+00 -7.820381262378897080e-01
-2.034498428068334253e+00 -8.061453883273443921e-01
-1.533218807510458026e+00 -8.295005697850490467e-01
-1.031939189656891243e+00 -8.527201398356851758e-01
-5.306596119098374587e-01 -8.757557483017235356e-01
-3.077394682460474207e-02 -8.972048193847694808e-01
1.526936496189040815e-03 -7.414876734888552479e-01
3.660621938905186390e-01 -4.097582406715633008e-01
7.283717526701206646e-01 -6.955658246065304917e-02
1.090680641686932129e+00 2.718995360359436342e-01
