9.999999999999892308e-01
9.971040978716148029e-01
9.916078756356667689e-01
9.724944194523498231e-01
9.138230436797282197e-01
9.049869889750032925e-01
9.679567616719784162e-01
9.834165167734341129e-01
9.908020905503399645e-01
9.651342093500538954e-01
9.565065939537901185e-01
9.509626351089272012e-01
8.585652889723884851e-01
2.909304772436158149e-01
2.374451084263786149e-01
1.816828881348092617e-01
9.949746127242459215e-02
1.088888595300925438e-01
1.302227154441174539e-01
1.360806293199404160e-01
1.546122004729784949e-01
1.757157983712254734e-01
1.675681251332634958e-01
1.773346961489124796e-01
1.758673192358200521e-01
1.737751308213610069e-01
1.742638717998543085e-01
1.840251454481564575e-01
1.972393707539177310e-01
1.961329485837924325e-01
