-1.999999591526315790e-01 -5.411455019656291610e-02
-1.999999987465770346e-01 -5.729369502407261061e-02
-1.999999995484975646e-01 -6.114216920942944222e-02
-1.999999999999948486e-01 -6.523307265047390002e-02
-1.999999999965564879e-01 -6.966700999364727753e-02
-1.999999999944211959e-01 -7.239825320758441762e-02
1.999999999980554555e-01 -6.871170447555341454e-02
1.999999999556006935e-01 -5.945496557048537967e-02
1.999999999251470539e-01 -5.261519136016373777e-02
1.999999999292705333e-01 -4.697688129509158816e-02
1.999999999916830529e-01 -4.252452425610808717e-02
1.999999996194510299e-01 -3.903435320705495037e-02
