2.056874621297793126e+01 -6.999187913112447923e-01
2.056874621297793126e+01 -6.999187913112447923e-01
2.056874621297793126e+01 -6.999187913112447923e-01
2.056874621297762573e+01 -6.999187913112447923e-01
2.056871457203058284e+01 -6.999187913112447923e-01
2.005252751512831466e+01 -6.999187913112447923e-01
1.516031684726172735e+01 -6.999187913112447923e-01
1.480118100642181389e+01 -6.999187913112447923e-01
1.480104335482371170e+01 -6.999187913112447923e-01
1.480104335894232825e+01 -6.999187913112447923e-01
1.480104335894232825e+01 -6.999187913112447923e-01
1.480104335894232825e+01 -6.999187913112447923e-01
