-2.775823027422879452e+00 -5.097049999376450646e-01
-2.261604372098431348e+00 -5.272029697204263510e-01
-1.747385716773984132e+00 -5.447009395032075263e-01
-1.233167061449536472e+00 -5.621989092859888126e-01
-7.189484606243058407e-01 -5.796967989637128449e-01
-2.066595462561395535e-01 -5.925457641938658426e-01
2.289028650933236375e-01 -4.049962435640766523e-01
6.004659732251556026e-01 -5.208979524057140431e-02
9.704923186571730032e-01 3.054093567606538939e-01
1.340518402622427496e+00 6.629113869535381287e-01
1.710544486595986013e+00 1.020413417170757286e+00
2.080570570569543865e+00 1.377915447387976666e+00
