9.999999999999985567e-01
9.999816735977655746e-01
9.997191981834113728e-01
9.981330463198525571e-01
9.965472711470120259e-01
9.734333876159745325e-01
9.785916542963772891e-01
9.504545799891357394e-01
9.588017272165066940e-01
9.922294130871732731e-01
9.581996463832136435e-01
8.628905560973145761e-01
2.136445029196585299e-01
1.473661437247374834e-02
5.325051459540260101e-02
5.521141869196873053e-02
3.495094136648251026e-02
2.319523073700252222e-02
1.403350198317922584e-02
1.056966369068231687e-02
1.019007970443460212e-02
9.994493819974558865e-03
9.829831976110616626e-03
9.697973994651411939e-03
9.601514149600347964e-03
9.632927683623971130e-03
9.751635559743902087e-03
9.865055150393693337e-03
9.919712380508460478e-03
9.941929818829232240e-03
