0.000000000000000000e+00
1.832640223413550901e-05
2.808018165890107764e-04
1.866953680146505061e-03
3.452728852988831004e-03
2.656661238402472508e-02
2.140834570362300585e-02
4.954542001086391367e-02
4.119827278349372929e-02
7.770586912826173490e-03
4.180035361678636346e-02
1.371094439026860068e-01
7.863554970803411370e-01
9.852633856275262447e-01
9.467494854045964692e-01
9.447885813080310058e-01
9.650490586335169763e-01
9.768047692629968637e-01
9.859664980168205695e-01
9.894303363093184256e-01
9.898099202955673581e-01
9.900055061800272505e-01
9.901701680238864656e-01
9.903020260053465584e-01
9.903984858504000233e-01
9.903670723163762180e-01
9.902483644402556573e-01
9.901349448496048478e-01
9.900802876194920721e-01
9.900580701811723117e-01
