0.000000000000000000e+00
2.445307163060147365e-02
2.232433299687913361e-02
8.396691329085890013e-03
7.574235265187763584e-03
1.194005992827380964e-02
1.163986388892846195e-03
7.601755710390957488e-02
4.052783171325344824e-01
5.711888453010536271e-01
5.610884780956778561e-01
8.189214174446483030e-01
8.544004823422226558e-01
8.279867061652177451e-01
8.526442140973879980e-01
9.805918489180216469e-01
9.704593355024430101e-01
9.287944789926119160e-01
9.385617764224833959e-01
9.668778825899749796e-01
9.744681643816298644e-01
9.748891779449407879e-01
9.749949798783084098e-01
9.753406278310554622e-01
9.754934850134149293e-01
9.752848507850718773e-01
9.746807765375392618e-01
9.737260402744967180e-01
9.726398057324555646e-01
9.717920814951888087e-01
