1.000000000000000444e+00
9.995390157115571217e-01
9.981469553209251222e-01
9.942467538326380527e-01
9.724130157421840837e-01
9.498487961735391227e-01
9.490867346533935489e-01
8.657785442094476647e-01
9.269914476414284898e-01
8.880767176970669752e-01
8.746272544834438056e-01
9.380920687624358933e-01
7.639555413331977629e-01
1.864158534561230207e-01
1.404688456382992001e-01
4.775443664033375557e-02
6.952708824149010473e-03
1.323709737011082022e-02
1.520501129800935075e-02
1.475570870981916458e-02
1.648998346234873194e-02
1.704690664862492169e-02
1.734210638468747928e-02
1.767392510964112956e-02
1.803828288743061087e-02
1.850648172575534295e-02
1.916475564941308787e-02
1.996854112912781545e-02
2.066574093423127062e-02
2.096060280966648842e-02
