-3.118947591986986900e+00 4.903001987705001286e-01
-2.466580432409544610e+00 5.486077023696466215e-01
-1.979710967327072968e+00 5.640334525710594127e-01
-1.492841547993543738e+00 5.774565595897355186e-01
-1.005972129329098408e+00 5.915880717383829035e-01
-5.191027761461705081e-01 6.065297407440970456e-01
-3.391946464701262043e-02 6.270713328879536919e-01
-3.164102725422876516e-02 8.078984930542975063e-01
2.717386635674761131e-01 1.167690105256778521e+00
5.684792609800405350e-01 1.547879450908481225e+00
8.651944532103521546e-01 1.929541788775308797e+00
1.161909654935033176e+00 2.312099128603462450e+00
