1.545001648475169098e+01 -1.418869678459263595e-01
1.543995998429177341e+01 -1.314369242070163590e-01
1.540980856753788508e+01 -1.001901969454077057e-01
1.538356062844447081e+01 -7.309159114524033107e-02
1.536639607583667200e+01 -5.542225880209566274e-02
1.536519518059876610e+01 -5.251640229970391122e-02
1.788660451740669899e+01 -5.230791104859681370e-09
1.792321108020875897e+01 -3.568016294742535472e-09
2.119203617825225194e+01 -1.771173513163904960e-08
2.143386414379481764e+01 -2.302117185261272689e-08
2.143517002942709127e+01 5.507153378519359809e-08
2.143516963417358312e+01 5.916867190229859776e-03
