-3.450221202284353694e-02 1.389581983632537376e-03
-1.999999529280978017e-01 -4.574868612651328270e-02
-1.999999993383823060e-01 -5.000520083892523449e-02
-1.999999999997239541e-01 -5.225907236860083405e-02
-1.999999999919821470e-01 -5.522134902824649139e-02
-1.999999999915876847e-01 -5.899369832260070723e-02
-1.999999997578495170e-01 -6.503382263909274208e-02
1.999999998801098855e-01 -6.023295248449844763e-02
1.999999991910257346e-01 -4.636922720673064546e-02
1.999999961912479751e-01 -4.046362917474177756e-02
1.999999942178489754e-01 -3.595676270531766860e-02
1.999999829052021560e-01 -3.234486704520600497e-02
