-3.153449804009830437e+00 4.916897807541326659e-01
-2.666580385337642412e+00 5.028590162431333388e-01
-2.179710966665455274e+00 5.140282517321341782e-01
-1.692841547993267692e+00 5.251974872211346845e-01
-1.205972129321080555e+00 5.363667227101364121e-01
-7.191027761377581928e-01 5.475360424214963384e-01
-2.339194644048621374e-01 5.620375102488609498e-01
1.683589726258811203e-01 7.476655405697990586e-01
4.717386627585018477e-01 1.121320878050047876e+00
7.684792571712885101e-01 1.507415821733739447e+00
1.065194447428201130e+00 1.893585026069991128e+00
1.361909637840235332e+00 2.279754261558256445e+00
