0.000000000000000000e+00
3.788770292175289340e-05
4.250541933715829739e-04
4.823217656906034212e-03
6.273589101352658459e-03
1.866968201515129770e-03
2.013069576226421409e-02
4.012044471293350033e-03
7.219795989605302423e-03
7.989594747782968829e-04
1.845199634167980079e-02
9.592014891214303840e-02
9.860216472843492952e-02
9.517769658298823321e-02
2.079187344151363082e-01
9.750899559948428275e-01
9.920703322055847151e-01
9.845863173714045624e-01
9.697045174741757423e-01
9.215573531686325204e-01
9.477560707401411211e-01
9.525249003039426565e-01
9.540767473280296063e-01
9.539618275103491918e-01
9.529644603844629192e-01
9.514194374901716600e-01
9.477669072693102326e-01
9.426771195662854153e-01
9.393773098164291957e-01
9.388271137176122938e-01
