0.000000000000000000e+00
8.239365512001691193e-06
2.286014363871453480e-04
9.190085876495631464e-04
9.704170224088787267e-03
2.467998731807879639e-02
3.440243545836139949e-02
4.717201658085908023e-02
1.741276719586963909e-02
8.567491122101324186e-02
1.458897331009294529e-01
1.238728963196779054e-01
1.055908333623919726e-01
9.638191638005740025e-02
3.646069128180661201e-01
9.105517867231465168e-01
9.933673339245003842e-01
9.977639777905888963e-01
9.989655012622926655e-01
9.988923701656855503e-01
9.990003455408260624e-01
9.993451965667341508e-01
9.993217733456303264e-01
9.992797919514675442e-01
9.992525934564834289e-01
9.992199934453908083e-01
9.991919509167330737e-01
9.991855356503447361e-01
9.991972098602490693e-01
9.992025476610781887e-01
