1.000000000000001332e+00
9.999917606344885801e-01
9.997713985636158540e-01
9.990809914123504054e-01
9.902958297759107964e-01
9.753200126819211446e-01
9.655975645416376985e-01
9.528279834191411002e-01
9.825872328041301840e-01
9.143250887789871051e-01
8.541102668990694369e-01
8.761271036803229828e-01
8.944091666376079441e-01
9.036180836199428912e-01
6.353930871819339909e-01
8.944821327685288648e-02
6.632666075499570740e-03
2.236022209410961498e-03
1.034498737707337506e-03
1.107629834314339135e-03
9.996544591736533040e-04
6.548034332645539255e-04
6.782266543679446851e-04
7.202080485252571225e-04
7.474065435210081954e-04
7.800065546143087692e-04
8.080490832570242418e-04
8.144643496563497590e-04
8.027901397433096463e-04
7.974523389177268174e-04
