1.645812520256333400e+01 -6.589828566619876371e-02
1.644723613815751762e+01 -5.390677758888157839e-02
1.642072842532330057e+01 -2.478857648087785456e-02
1.640186694125514322e+01 -4.132567982531991715e-03
1.639810145401252583e+01 -4.045112183416218723e-07
1.715039535192349618e+01 -7.180131667589382173e-09
1.778909094365590349e+01 -1.432289809989057853e-09
2.185611235926213780e+01 -1.095135686360849786e-08
2.222250044493949517e+01 -4.323106296306090841e-08
2.222379969780008935e+01 1.947146882228671930e-07
2.222346505894518032e+01 1.219834874061772878e-01
2.221514241640700504e+01 6.202633441750931009e-01
