3.881383588040911548e+00 5.149654902702853754e-01
3.892272652446727932e+00 5.029739821929682941e-01
3.918780365280944977e+00 4.738557810849645113e-01
3.937641849349102330e+00 4.531997725866186433e-01
3.941407036116356011e+00 4.490676091153050220e-01
3.125103009038003421e+00 4.490672117842183231e-01
-2.505511378162557534e+00 4.490672060363764539e-01
-8.604683351486951182e+00 4.490672155554435441e-01
-8.985294775374413234e+00 4.490672478351496189e-01
-8.986594490361673238e+00 4.490670098893984608e-01
-8.986259851462770953e+00 3.270837171979094071e-01
-8.977937208924595680e+00 -1.711961395710064338e-01
