2.033950879060424555e+01 4.490672046040866672e-01
2.033950879060424555e+01 4.490672046040866672e-01
2.033950879060424555e+01 4.490672046040866672e-01
2.033950879060424555e+01 4.490672046040866672e-01
2.033950849012888185e+01 4.490672046040866672e-01
2.027549836096149960e+01 4.490672046040866672e-01
1.528357956549334595e+01 4.490672046040866672e-01
1.325142900777518662e+01 4.490672046040866672e-01
1.323720566956508193e+01 4.490672046040866672e-01
1.323720520743841611e+01 4.490672046040866672e-01
1.323720520748240936e+01 4.490672046040866672e-01
1.323720520748240936e+01 4.490672046040866672e-01
