1.000000000000007772e+00
9.999145831233042792e-01
9.996665461533279506e-01
9.937180945978243418e-01
9.823314828948923605e-01
9.812421334081649071e-01
9.977198487260612314e-01
9.448434632609947759e-01
9.938542744473071178e-01
9.922313512764476817e-01
9.597891019518668410e-01
9.121040564960382069e-01
8.527308442612374639e-01
8.923349759744072518e-01
6.950067544811866505e-01
8.863720715289810648e-02
2.628381699602767158e-02
4.422907366694076720e-02
5.599424586161420858e-02
6.292051763095793393e-02
4.015830408897388959e-02
3.314891957401881750e-02
3.425160156134718359e-02
3.584370295254234173e-02
3.743063467863274457e-02
3.734527908284891035e-02
3.771028094703704481e-02
3.936392683964963501e-02
4.098221764966085423e-02
4.357787067668980607e-02
