0.000000000000000000e+00
8.541687668757992299e-05
3.334538466846002458e-04
6.281905402176603606e-03
1.766851710510693868e-02
1.875786659183304589e-02
2.280151273938906507e-03
5.515653673900657028e-02
6.145725552691301032e-03
7.768648723551678167e-03
4.021089804813206270e-02
8.789594350396329192e-02
1.472691557387621752e-01
1.076650240255892232e-01
3.049932455188131275e-01
9.113627928471014217e-01
9.737161830039723354e-01
9.557709263330600447e-01
9.440057541383858331e-01
9.370794823690417052e-01
9.598416959110259716e-01
9.668510804259804470e-01
9.657483984386528997e-01
9.641562970474565342e-01
9.625693653213684975e-01
9.626547209171503194e-01
9.622897190529636768e-01
9.606360731603502678e-01
9.590177823503359678e-01
9.564221293233090559e-01
