-3.268902454059496865e+00 7.656556503324061236e-01
-2.613215357912126002e+00 8.437054507081509502e-01
-2.125050772357547579e+00 8.805601355773502448e-01
-1.636887272143263239e+00 9.196726257673433214e-01
-1.148723772397045595e+00 9.595213063342012960e-01
-6.605602755967332484e-01 9.997926570392450252e-01
-1.725984582255275512e-01 1.042251770876805761e+00
-1.342038098127175394e-01 1.170671322004913417e+00
1.572386206089201044e-01 1.526030411184175595e+00
4.218350554171352851e-01 1.930045077230645889e+00
6.859603260520459322e-01 2.338248127178436331e+00
9.500848808750326224e-01 2.746357479901051946e+00
