1.564301020423184418e+01 -2.081508654472193076e-01
1.544388019828980063e+01 -3.622213753574407948e-04
1.544355304500324877e+01 -2.538618007175527763e-05
1.544352846605463192e+01 -8.042561093512447609e-08
1.544352841016320532e+01 -2.288739482850800079e-08
1.544355509349239597e+01 -7.193129477168192374e-09
1.621572124002998905e+01 -2.499371295919628699e-09
1.659600087246197830e+01 -1.669375757506667955e-09
2.062601682621110655e+01 -1.797373118465592589e-09
2.150502937823040028e+01 -2.198685901161750272e-09
2.152903334821074566e+01 -2.848860536958874231e-08
2.152910978233154538e+01 1.288198714533683274e-06
