3.883529567541872396e+00 1.697047641725097256e+00
4.082659573483915949e+00 1.489258997653235328e+00
4.082986726770467811e+00 1.488922162457949838e+00
4.083011305719084660e+00 1.488896856703488814e+00
4.083011361610511258e+00 1.488896799165272844e+00
4.082984093660677161e+00 1.488896783471007401e+00
3.240685428888006925e+00 1.488896778777249352e+00
-2.658055141814555711e+00 1.488896777947253725e+00
-9.963327370698209506e+00 1.488896778075251115e+00
-1.093981765597249378e+01 1.488896778476563876e+00
-1.096405100792573961e+01 1.488896804766483450e+00
-1.096412742691703457e+01 1.488895488079163387e+00
