-3.247529187576025933e-02 -5.611767287325375442e-03
-1.999988937287877633e-01 -4.643914825612349695e-02
-1.999999849890250481e-01 -4.607141371837653043e-02
-1.999999909089658079e-01 -4.796148450142234676e-02
-1.999999963608400932e-01 -5.058774566133317219e-02
-1.999999997738229895e-01 -5.363667600933430535e-02
-1.999999999078517221e-01 -5.854261088813272895e-02
1.999999989667314293e-01 -5.756178569575531867e-02
1.999999999986300236e-01 -4.013823709714148258e-02
1.999999963684492288e-01 -3.273327001757841970e-02
1.999999959461418175e-01 -2.871621834855098143e-02
1.999999999290953401e-01 -2.460315239632082651e-02
