-3.301377745935257124e+00 7.600438830450807481e-01
-2.813214251640913766e+00 7.972663024520274533e-01
-2.325050757346572627e+00 8.344887218589737143e-01
-1.836887263052229047e+00 8.717111412659209746e-01
-1.348723768757885688e+00 9.089335606728681238e-01
-8.605602753705562380e-01 9.461559810299107198e-01
-3.725984581333792733e-01 9.837091599886730320e-01
6.579618915401388990e-02 1.113109536309158099e+00
3.572386206075501280e-01 1.485892174087034112e+00
6.218350517855845139e-01 1.897311807213067469e+00
8.859603219981877498e-01 2.309531908829885349e+00
1.150084880804127963e+00 2.721754327504731119e+00
