1.952653977177371658e+01 1.488896776277877976e+00
1.952653977177371658e+01 1.488896776277877976e+00
1.952653977177371658e+01 1.488896776277877976e+00
1.952653977177371658e+01 1.488896776277877976e+00
1.952653977177371658e+01 1.488896776277877976e+00
1.952653918715307313e+01 1.488896776277877976e+00
1.945640666891799597e+01 1.488896776277877976e+00
1.393794573064742259e+01 1.488896776277877976e+00
1.066268945551289704e+01 1.488896776277877976e+00
1.056521172225790650e+01 1.488896776277877976e+00
1.056498234028500605e+01 1.488896776277877976e+00
1.056498235541451081e+01 1.488896776277877976e+00
