-2.754758097695007013e+00 -1.964193235470962640e-01
-2.242367244115591962e+00 -1.984520224771282593e-01
-1.729976498220408443e+00 -2.040779894665226690e-01
-1.217585762689205930e+00 -2.092527233594983771e-01
-7.051950273084871545e-01 -2.139578528201159791e-01
-1.929115337890449644e-01 -2.181519637156358327e-01
-1.180143173301202442e-01 -1.356747067095444015e-01
2.517455522332985307e-01 1.933001604659218275e-01
6.102890068495788745e-01 5.521548395327378067e-01
9.688096910110474136e-01 9.127021732719148295e-01
1.327330375970295684e+00 1.274295684049568278e+00
1.685851061285213781e+00 1.637048343808948925e+00
