1.724278767055283268e+01 -7.563462357405044134e-01
1.721686920708594926e+01 -7.250284093463802426e-01
1.719724731658179095e+01 -7.013957345413330824e-01
1.718350994757079064e+01 -6.848896235621995121e-01
1.718040863461677148e+01 -6.811658090126799792e-01
1.760536613589813371e+01 -5.881630411137581671e-01
1.788911728872963636e+01 -6.651545065075593899e-02
2.206848205660168105e+01 -1.545255739350475943e-01
2.236368073354180908e+01 -2.000495964736266619e-01
2.236405088337638603e+01 -2.112504625487851839e-01
2.236392483446452673e+01 -2.241990328318675951e-01
2.236377856260077479e+01 -2.383434724508785296e-01
