-2.954757969296345266e+00 -2.435327331731436951e-01
-2.442367233756998601e+00 -2.523564873838082256e-01
-1.929976498217653491e+00 -2.611802415944725064e-01
-1.417585762678309269e+00 -2.700039958051367317e-01
-9.051950273042419504e-01 -2.788277498239977170e-01
-3.929115337890446980e-01 -2.874369460543208521e-01
8.198568266855438269e-02 -2.034886132185592666e-01
4.517455522303320259e-01 1.351374662642173263e-01
8.102890068345970365e-01 5.012196429876805137e-01
1.168809691009217389e+00 8.673958819165401568e-01
1.527330375941849727e+00 1.233572127705868660e+00
1.885851060874486951e+00 1.599748373495205156e+00
