4.137287774925614059e+00 6.376898585366294059e-01
4.152917739079423853e+00 6.216967098649074375e-01
4.153704607943732086e+00 6.208924384187828327e-01
4.153743858519286292e+00 6.208523219780697211e-01
4.153745413539910558e+00 6.208507651602797051e-01
4.131614795274925811e+00 6.208507544279533441e-01
-2.587672765382968976e-01 6.208507282327639931e-01
-6.945615963601893483e+00 6.208507296968753808e-01
-9.683208838819075126e+00 6.208507357295267592e-01
-9.785145387338983980e+00 6.208507782473512426e-01
-9.785490060070351603e+00 6.208504839180211121e-01
-9.785436664887305014e+00 5.729581937695680249e-01
