-1.999976703194392691e-01 -6.282626166607667428e-02
-1.999987578289732504e-01 -4.673350726511217579e-02
-1.999999083794194998e-01 -4.860154711221705004e-02
-1.999999997641759286e-01 -5.192366847473077474e-02
-1.999999998726139649e-01 -5.509011418526799098e-02
-1.999999997283283815e-01 -5.901152419212597755e-02
-1.130166742672622099e-01 -6.444232311863891394e-02
1.999999999579973597e-01 -5.537771687833026313e-02
1.999999996155563675e-01 -4.306675121003100681e-02
1.999999996432367810e-01 -3.801564345586472271e-02
1.999999999718102828e-01 -3.372370187270878894e-02
1.999999998440527005e-01 -2.986344179954891764e-02
