1.948460113287127626e+01 6.208507275248326129e-01
1.948460113287127626e+01 6.208507275248326129e-01
1.948460113287127626e+01 6.208507275248326129e-01
1.948460113287127626e+01 6.208507275248326129e-01
1.948460113273166172e+01 6.208507275248326129e-01
1.948393487248544886e+01 6.208507275248326129e-01
1.801054160118214043e+01 6.208507275248326129e-01
1.214522074005281205e+01 6.208507275248326129e-01
1.166468368919325194e+01 6.208507275248326129e-01
1.166293951614450286e+01 6.208507275248326129e-01
1.166293957288819172e+01 6.208507275248326129e-01
1.166293957291140337e+01 6.208507275248326129e-01
