-2.933268094714491347e+00 1.584840431520856185e+00
-2.452284090191071630e+00 1.553464220028403231e+00
-1.971301309189392947e+00 1.529341182847786085e+00
-1.490318535110788822e+00 1.505209559847622280e+00
-1.009335761031367129e+00 1.481244174690333759e+00
-5.283530332353177927e-01 1.457545025732306820e+00
-4.854659173786868287e-02 1.435051664413986350e+00
-3.234155883959774491e-02 1.570475249764265557e+00
3.060323656392343050e-01 1.896818379658274711e+00
6.402686419368530668e-01 2.236555881533367707e+00
9.745000411164845833e-01 2.577604354557677446e+00
1.308731441254673555e+00 2.919675032377273549e+00
