1.638536266047130141e+01 -1.475048033408746795e+00
1.636364446379371174e+01 -1.448779572439937713e+00
1.634374977010547170e+01 -1.424791763440782288e+00
1.632865330777144663e+01 -1.406637047133172169e+00
1.632074904605177679e+01 -1.397147881733739716e+00
1.632405951736333094e+01 -1.400238231616784290e+00
1.796910466061932254e+01 -1.088444780968707892e+00
1.802064318367959217e+01 -7.103164017516319095e-01
2.108630145201593820e+01 -9.712895934454963687e-01
2.122259626716070358e+01 -9.980936267700070141e-01
2.122228261079895617e+01 -1.009532358410911046e+00
2.122161779540157411e+01 -1.023412604819289751e+00
