2.853948302833806849e+00 3.555173857641087398e-01
2.875666499511396523e+00 3.292489247952996578e-01
2.895561193199636563e+00 3.052611157961442334e-01
2.910657655533661625e+00 2.871063994885341142e-01
2.918561917252397109e+00 2.776172340891016610e-01
2.915226070785855939e+00 2.807075839721462351e-01
9.506409485647182578e-01 -3.108586667593016273e-02
-3.875130605460746835e+00 -4.092142458930061455e-01
-7.715213826892222571e+00 -1.482410541991416864e-01
-7.853340490058025480e+00 -1.214370208746310409e-01
-7.853026619081921567e+00 -1.099982892337270091e-01
-7.852361803681924712e+00 -9.611804282534830435e-02
