-3.133266857352849932e+00 1.522957737717167248e+00
-2.652284083270220805e+00 1.494969471526051752e+00
-2.171301309187593453e+00 1.466981205334935590e+00
-1.690318535104964104e+00 1.438992939143819649e+00
-1.209335761022337197e+00 1.411004672952705041e+00
-7.283530332247961647e-01 1.383016471644581191e+00
-2.485465917344554521e-01 1.357735728465968350e+00
1.676584411598321389e-01 1.496381327188946786e+00
5.060323656392272662e-01 1.831945127455834932e+00
8.402686419177695099e-01 2.178925912899928097e+00
1.174500041115827509e+00 2.525937643960184165e+00
1.508731440908812838e+00 2.872949377769059787e+00
