1.681357175533902648e+01 -1.301272079684807625e+00
1.679345749782645925e+01 -1.276621149459817195e+00
1.677778041751902194e+01 -1.257459257172547362e+00
1.676951492929490328e+01 -1.247374402693622208e+00
1.677264120866205488e+01 -1.250281919187649526e+00
1.856037568182467368e+01 -9.244597495604083282e-01
1.875569215696453540e+01 -5.679714166369281836e-01
2.158530357143088096e+01 -8.243934801992485184e-01
2.167108069308786966e+01 -8.440798054301578146e-01
2.167069325168919036e+01 -8.558012322794317228e-01
2.167013274616283880e+01 -8.698784802973494878e-01
2.166951183687143967e+01 -8.852110248364483125e-01
