2.920000772113795051e+00 3.330483914202807538e-01
2.940115029626362286e+00 3.083974611952903233e-01
2.955792109933799594e+00 2.892355689080204906e-01
2.964057598157417317e+00 2.791507144290953368e-01
2.960907111866209362e+00 2.820582309231226548e-01
8.099921341904554595e-01 -4.376393870411854348e-02
-4.230184024419322952e+00 -4.002522716275986880e-01
-7.675482006395476731e+00 -1.438302080652783532e-01
-7.762069453099813998e+00 -1.241438828343690570e-01
-7.761681951664407109e+00 -1.124224559850951488e-01
-7.761121446137851265e+00 -9.834520796717738378e-02
-7.760500536846452135e+00 -8.301266342807855914e-02
