1.000000000000002220e+00
9.993588162426243482e-01
9.824518693129922209e-01
9.871961206873930417e-01
9.454980782216488855e-01
9.784015448145193528e-01
9.924158725932185066e-01
9.994030608136101890e-01
9.904347670545580185e-01
9.872741492933145846e-01
9.099789192539999849e-01
7.881898361801262798e-01
6.416394070294336727e-01
4.578602140886730565e-01
3.897265363538290339e-01
3.693868313824149041e-01
2.806677298855700942e-01
1.291685564826101362e-01
7.265771478818407181e-02
9.818044491694814802e-02
9.895361446563261110e-02
5.626828323516561842e-02
5.551395713740604754e-02
5.663147425201799784e-02
5.734133173929617522e-02
5.955320782592019024e-02
6.182428024933783739e-02
6.133822361918667837e-02
5.939389160480245539e-02
5.989563307596167119e-02
