-2.575823068270247873e+00 -4.555904497410821485e-01
-2.061604373351854314e+00 -4.699092746963537404e-01
-1.547385717225486568e+00 -4.835587702937780841e-01
-1.033167061449541624e+00 -4.969658366355149126e-01
-5.189484606277493528e-01 -5.100297889700655674e-01
-6.659546261718357618e-03 -5.201475109862814250e-01
2.890286509526818204e-02 -3.362845390885232377e-01
4.004659732695549090e-01 7.365170329913975356e-03
7.704923187320259492e-01 3.580245481208176317e-01
1.140518402693156963e+00 7.098882682486297169e-01
1.510544486604302961e+00 1.062937941426865374e+00
1.880570570950092835e+00 1.416949800595031617e+00
