1.756784778409166847e+01 -1.038125794746967534e+00
1.754865027187299020e+01 -1.014004121128287528e+00
1.753220753095755313e+01 -9.933977646339950951e-01
1.752351037259129640e+01 -9.825183683194419482e-01
1.752686674249739696e+01 -9.853980309917862446e-01
1.972960500409291740e+01 -6.196247603966199557e-01
2.013350773552806672e+01 -3.294786596866889350e-01
2.240166276956415103e+01 -5.581532656089951416e-01
2.243293635271098907e+01 -5.711940224224932861e-01
2.243263092626417432e+01 -5.833325069824146780e-01
2.243225907031255772e+01 -5.974613717756976916e-01
2.243184998136075947e+01 -6.126283556197127389e-01
