3.000898428886262792e+00 3.382070034357227417e-01
3.020095941104941062e+00 3.140853298170427355e-01
3.036538682020378133e+00 2.934789733227503028e-01
3.045235840386329329e+00 2.825995770081971559e-01
3.041847829533185887e+00 2.854792396805414523e-01
3.229225110353972639e-01 -8.029403091462483655e-02
-4.973190888266339371e+00 -3.704401316245558573e-01
-7.600481763142337144e+00 -1.417655257022496507e-01
-7.631892997887277375e+00 -1.287247688887515062e-01
-7.631587567321846066e+00 -1.165862843288301143e-01
-7.631215711370229471e+00 -1.024574195355471007e-01
-7.630806622418431218e+00 -8.729043569153205340e-02
