-5.344357028708524027e-02 -4.848134349570903945e-03
-1.999999689837204109e-01 -4.955916667687573773e-02
-1.999999990565846097e-01 -4.961696604648577202e-02
-1.999999999745301071e-01 -5.150636938763319961e-02
-1.999999999988173460e-01 -5.407679998236186725e-02
-1.999999999909013448e-01 -5.738393610398268008e-02
-1.999999996605530683e-01 -6.186340840213760961e-02
1.871945392363588145e-01 -6.262213806350219736e-02
1.999999997571866861e-01 -4.906725703593495247e-02
1.999999953071651682e-01 -4.028255216333209709e-02
1.999999996204119279e-01 -3.593553489075151930e-02
1.999999705575810083e-01 -3.151005571896736690e-02
