4.314716765618042515e+00 4.734492594028648638e-01
4.159505267764233238e+00 6.255507514084325260e-01
4.182162542026302887e+00 6.031490991089287768e-01
4.211753946280275329e+00 5.739943627308541352e-01
4.234209977965981864e+00 5.519470432412919569e-01
4.243249573100960959e+00 5.430759796135715689e-01
3.754849535334882304e+00 4.431516482657930633e-01
-9.672834141172650391e-01 4.431516282824168318e-01
-8.743884026814082944e+00 4.431516296197943738e-01
-1.003036582175494118e+01 4.431516884026623915e-01
-1.006588338198625721e+01 4.431516504309793714e-01
-1.006599878674534843e+01 4.431507936778709689e-01
