-3.230895202794818566e+00 2.078732085632536974e-01
-2.760086818696877664e+00 2.189519991379528518e-01
-2.289278434598938095e+00 2.300307897126519230e-01
-1.818470050500997415e+00 2.411095802873510774e-01
-1.347661666403057623e+00 2.521883708620502595e-01
-8.768532828408140967e-01 2.632671620001883483e-01
-4.061520229201571186e-01 2.745266202393563115e-01
2.974200951182472477e-02 3.563252814357886211e-01
3.312311585667080949e-01 6.889680603209021870e-01
6.015309267797408488e-01 1.073801283982283250e+00
8.712102121450995273e-01 1.459876232658419148e+00
1.140888615974101850e+00 1.845955022038288762e+00
