1.883233536391762541e+01 4.431516229879621238e-01
1.883233536391762541e+01 4.431516229879621238e-01
1.883233536391762541e+01 4.431516229879621238e-01
1.883233536391762541e+01 4.431516229879621238e-01
1.883233536391762541e+01 4.431516229879621238e-01
1.883233502604706899e+01 4.431516229879621238e-01
1.879460002744442804e+01 4.431516229879621238e-01
1.448576355701751517e+01 4.431516229879621238e-01
1.091427777961692058e+01 4.431516229879621238e-01
1.078743122083497141e+01 4.431516229879621238e-01
1.078713610591917060e+01 4.431516229879621238e-01
1.078713616161527433e+01 4.431516229879621238e-01
