0.000000000000000000e+00
1.032315590469651620e-04
9.455044657404895834e-04
4.450299092860712617e-03
1.108896743157491982e-02
9.789516470801142706e-03
6.440645031383940289e-02
1.317478928245045533e-01
2.557092858349574796e-02
2.790364298484787273e-02
1.214069724755712232e-01
2.206083080473361657e-01
7.250104955047134148e-01
9.689509130704078155e-01
9.814604287967403362e-01
9.876846925854571024e-01
9.920729174057698607e-01
9.940133783223650266e-01
9.945261847038260328e-01
9.946128776568317065e-01
9.948431147056928658e-01
9.950949663302074422e-01
9.953192403664521404e-01
9.954513340894507456e-01
9.954631730700811421e-01
9.954065962334104345e-01
9.953746152170321881e-01
9.954210500422550068e-01
9.955243096926440494e-01
9.956425080139428285e-01
