1.654384589621806612e+01 -2.396955833371400280e-02
1.652233519223982938e+01 -2.411811789459392640e-04
1.652211663723951673e+01 -4.449006795404451317e-07
1.652211671427740569e+01 -5.297559484182375185e-07
1.652211620148385052e+01 -2.283275406247793539e-08
1.657142306392926301e+01 -5.551741913017793236e-10
1.848461319887687182e+01 -1.445919466473023902e-09
2.101869439383635907e+01 -7.112127551293601674e-09
2.229937473664207914e+01 -1.228652022521549456e-08
2.231546543992103793e+01 -4.385109484207699577e-09
2.231547276341553143e+01 4.108034966951302873e-04
2.229825603716943405e+01 8.764145870633204272e-01
