-1.999974539382822769e-01 -4.529476042684810189e-02
-1.999999970373993463e-01 -5.087469311281755946e-02
-1.999999449843385957e-01 -4.949236773286858071e-02
-1.999999997070192048e-01 -5.245683964015646072e-02
-1.999999992708213492e-01 -5.571096084718085706e-02
-1.999999989176815540e-01 -5.982057264087847770e-02
5.422407691970068666e-03 -6.374492717437885148e-02
1.999999993963067213e-01 -5.375640203244014259e-02
1.999999999735170841e-01 -4.421393234073112133e-02
1.999999967693292247e-01 -3.902959883885293024e-02
1.999999875462714627e-01 -3.411077089391323369e-02
1.999999999180037680e-01 -2.922741288533448056e-02
