3.889228042695375365e+00 7.093995215122816944e-01
3.910738746673612098e+00 6.856711443575136400e-01
3.910957301673924746e+00 6.854304080792472664e-01
3.910957224636035789e+00 6.854304929345161890e-01
3.910957737084665098e+00 6.854299860113217679e-01
3.859767552471979002e+00 6.854299637337419870e-01
-4.434696268036368849e-01 6.854299646244872424e-01
-7.760287989566364786e+00 6.854299702906953007e-01
-9.186416883040543269e+00 6.854299754650879928e-01
-9.202585831973783215e+00 6.854299675636772449e-01
-9.202593152216463679e+00 6.850191596818726580e-01
-9.185376425970359193e+00 -1.909846238847526800e-01
