9.999999999999966693e-01
9.990163767625885871e-01
9.964768540976859379e-01
9.900913896929287583e-01
9.518436496155844306e-01
9.226334542715650677e-01
9.944625577932049154e-01
9.952555064980390664e-01
9.984358806009919762e-01
9.947132341289885993e-01
9.743710123602666862e-01
9.433301783942440455e-01
9.001933619363855499e-01
8.826592512268194302e-01
7.368434968118353634e-01
4.237658866094397986e-02
3.497296194182408086e-02
1.064580209662064070e-01
6.850617705813588643e-02
2.448061198723705881e-02
2.285442922067371097e-02
1.933033433431875781e-02
1.248179774877823320e-02
1.295215356009006558e-02
1.287611330629031062e-02
1.186867801253051538e-02
1.150463558831464964e-02
1.173493534537855404e-02
1.204713354017685790e-02
1.249376597802456280e-02
