0.000000000000000000e+00
9.836232374073070137e-04
3.523145902330140390e-03
9.908610307066342826e-03
4.815635038441345300e-02
7.736654572843446043e-02
5.537442206795147037e-03
4.744493501960588347e-03
1.564119399008471328e-03
5.286765871011820522e-03
2.562898763973412569e-02
5.666982160575560062e-02
9.980663806361446400e-02
1.173407487731810001e-01
2.631565031881640815e-01
9.576234113390555969e-01
9.650270380581762453e-01
8.935419790337900681e-01
9.314938229418570081e-01
9.755193880127630557e-01
9.771455707793264001e-01
9.806696656656572753e-01
9.875182022511972413e-01
9.870478464399072838e-01
9.871238866937092071e-01
9.881313219874579001e-01
9.884953644116709626e-01
9.882650646546295992e-01
9.879528664598262733e-01
9.875062340219599166e-01
