3.239709162412054866e+00 -8.870383543623914235e-01
3.673177190997556352e+00 -1.387171939519116659e+00
2.359951832706244090e+00 2.301929535994384768e-01
2.375277063605334860e+00 2.094148583962411880e-01
2.386745448710492212e+00 1.938990328237915062e-01
2.391140070624540925e+00 1.879609570201927760e-01
2.381692685458070002e+00 1.935798081384685343e-01
-3.264643857064193355e-01 -1.152558353142503211e-01
-5.336274702989564744e+00 -2.687697936189408221e-01
-6.856031084803673181e+00 -9.185975462046092055e-02
-6.864941332016394782e+00 -8.272725268814018484e-02
-6.864071744452754587e+00 -7.043782174004054042e-02
