-3.668544168339471945e+00 -6.920830680366720777e-01
-3.163976535955263625e+00 -7.330925307761136933e-01
-2.659408903571053084e+00 -7.741019935155544207e-01
-2.154841271186841212e+00 -8.151114562549952591e-01
-1.650273638802630449e+00 -8.561209189944360975e-01
-1.145706006418435452e+00 -8.971303817338631692e-01
-6.411388019858659248e-01 -9.381391174074207306e-01
-1.406155347372521069e-01 -9.679348910283335217e-01
2.817020461003115206e-01 -7.631180507973204241e-01
6.626126420851815579e-01 -4.311501864141694118e-01
1.043034224041561098e+00 -9.716018691886448011e-02
1.423455822671143123e+00 2.368303503402888199e-01
