9.999999999999970024e-01
9.992636405945737321e-01
9.863684321371213315e-01
9.693777118677967541e-01
9.913508231965673101e-01
9.917745237355588550e-01
9.772329253191007759e-01
9.741499883930158088e-01
9.895738045831802276e-01
9.854313500925906411e-01
9.700866914205923397e-01
9.171737733981475404e-01
7.819238118374985946e-01
4.948617358410283829e-01
4.661608512679745187e-01
1.100132772984249163e-01
8.455825513956398420e-02
9.543553529825637982e-02
1.245094413821224988e-01
1.267936182517848398e-01
1.178469604112127728e-01
1.281598745824891472e-01
1.337831960276641419e-01
1.301860436477780825e-01
1.337158941771051657e-01
1.372746559811532929e-01
1.365101395791440408e-01
1.395343094113022098e-01
1.386343378269545568e-01
1.350401126549679309e-01
