-3.215577084210913039e+00 -3.467041845530622890e-01
-2.546410258520690473e+00 -3.007043444458906700e-01
-2.048671299949564428e+00 -2.876368960729723256e-01
-1.550932902474263742e+00 -2.755446667520440318e-01
-1.053194505269864356e+00 -2.628557729566439183e-01
-5.554561304161494961e-01 -2.494137525221981622e-01
-5.883514260142547192e-02 -2.318976843805721222e-01
-3.728621440046167579e-02 -6.250896988324214365e-02
2.851103427479463881e-01 2.962301835347869727e-01
6.012099323955284458e-01 6.747614073935560564e-01
9.172936476774883330e-01 1.054358151594185999e+00
1.233377363487455858e+00 1.434698282468549024e+00
