1.586772618464113904e+01 -8.244482695339552455e-03
1.601353998430395009e+01 -1.640974345178693172e-01
1.597752129941834731e+01 -1.253140911139343228e-01
1.595243078324945962e+01 -9.840881425692388218e-02
1.593584143433308320e+01 -8.066940058527810598e-02
1.593362219561932136e+01 -7.765139608291829476e-02
1.797544230582627733e+01 -8.777523698597476851e-09
1.830506925061818535e+01 -7.111498250168490652e-10
2.163007715800305775e+01 -3.201122479171545208e-09
2.182912885924171320e+01 -5.586802510681757706e-08
2.182973807716238213e+01 1.627003974187795529e-07
2.182924468190620004e+01 1.467800356156076236e-01
