9.999999999999997780e-01
9.999946107213593116e-01
9.999366661432269598e-01
9.995336581124676378e-01
9.978713625595702075e-01
9.954603314820562598e-01
9.948294258295041770e-01
9.863372225882985900e-01
9.381942061296510982e-01
9.445885248299251691e-01
9.360442290909138929e-01
9.215995486232877454e-01
8.991771889796253969e-01
8.942881139514695654e-01
8.691316494181791086e-01
6.522522725275331501e-01
9.936400789916144394e-02
3.048105496625843833e-02
1.882384799450555896e-02
1.832502125716165345e-02
2.381438219514722850e-03
1.548165407384323976e-03
1.738490106570846419e-03
1.727733052125412887e-03
1.734832097570435192e-03
1.711691299990433963e-03
1.702393044868007708e-03
1.682559174754230755e-03
1.686699976855890286e-03
1.802115373320049320e-03
