0.000000000000000000e+00
5.389278641319972765e-06
6.333385677386428277e-05
4.663418875320320253e-04
2.128637440426088025e-03
4.539668517944959666e-03
5.170574170495673832e-03
1.366277741170194258e-02
6.180579387034901978e-02
5.541147517007453255e-02
6.395577090908721729e-02
7.840045137671421138e-02
1.008228110203751582e-01
1.057118860485299766e-01
1.308683505818213078e-01
3.477477274724673495e-01
9.006359921008388891e-01
9.695189450337415860e-01
9.811761520054946839e-01
9.816749787428379337e-01
9.976185617804853578e-01
9.984518345926163274e-01
9.982615098934296549e-01
9.982722669478734101e-01
9.982651679024292513e-01
9.982883087000080646e-01
9.982976069551323661e-01
9.983174408252455390e-01
9.983133000231438903e-01
9.981978846266793548e-01
