1.507897686377379642e+01 -8.983142696146388939e-01
1.505366802272611615e+01 -8.713000329707359937e-01
1.503077650261808884e+01 -8.469493950907019952e-01
1.501486178004236827e+01 -8.300667107114448884e-01
1.501023572681883245e+01 -8.251640754603204453e-01
1.528346149080320693e+01 -7.553427498149475339e-01
1.581814306989416963e+01 -2.172109579022103165e-01
1.939889732507507247e+01 -6.132315006926725154e-02
2.061702784603919270e+01 -2.340353706875028250e-01
2.064388232138778534e+01 -2.474997317964882093e-01
2.064378885737160019e+01 -2.589692908462664644e-01
2.064362580544506187e+01 -2.716565875722394829e-01
