0.000000000000000000e+00
3.983600171400196292e-05
1.286171397190199800e-03
1.472914453713138755e-02
6.690299273776469102e-02
1.315869810701185069e-02
3.769668410004985842e-02
7.398019756648600842e-02
6.812036542774216330e-02
4.936771364483392988e-02
8.347113957984743371e-02
7.720096681219469625e-02
1.201543151888277150e-01
4.040986903672023622e-01
6.941220714456440843e-01
6.954445878883837029e-01
9.167703413530260415e-01
9.758259079287554538e-01
9.899885077105139430e-01
9.865557917146228206e-01
9.850160017143910762e-01
9.936265301266763439e-01
9.936571251886666678e-01
9.933964534519041933e-01
9.934449308106125809e-01
9.938219111498531877e-01
9.939843566048375267e-01
9.938172480354239280e-01
9.936265773528902834e-01
9.936379866870710398e-01
