1.752539905076805837e+01 -4.347096565736343621e-01
1.750373397743114623e+01 -4.086809532416196267e-01
1.748627289385586181e+01 -3.877600978298570977e-01
1.747831543849525815e+01 -3.782428468124918175e-01
1.752446364692675118e+01 -3.737071683014919765e-01
1.900315121795437179e+01 -1.159575350168333000e-08
2.195114265590391156e+01 -2.126909989281083812e-08
2.278479816037386385e+01 -1.665131898700287015e-07
2.278787588286655463e+01 -7.055151342041744708e-08
2.278757395062612190e+01 1.173376400655403856e-01
2.278763867053103809e+01 1.040120106184423687e-01
2.278769588641274169e+01 9.061382566883008360e-02
