-2.644575553948114166e+00 -7.731677606592614049e-01
-2.120596483804816579e+00 -7.738700603622431506e-01
-1.596617413661520324e+00 -7.745723600652250074e-01
-1.072638343518539372e+00 -7.752746597679008866e-01
-5.486635561734539701e-01 -7.759696363486657811e-01
-3.844335746068763132e-02 -7.434487761152095420e-01
3.589809368167766190e-01 -4.410847839399928416e-01
7.258428893095073553e-01 -6.735046412216198763e-02
1.092525028901915718e+00 3.069471444965509166e-01
1.459207167443517417e+00 6.812448447933768803e-01
1.825889305985211708e+00 1.055542545090395246e+00
2.192571444526905111e+00 1.429840245387414610e+00
