2.095916280573188573e+01 -2.809198811929045428e-02
2.095916280573188573e+01 -2.809198811929045428e-02
2.095916280573188573e+01 -2.809198811929045428e-02
2.095916280546681776e+01 -2.809198811929045428e-02
2.095710582087407303e+01 -2.809198811929045428e-02
1.851964789339237427e+01 -2.809198811929045428e-02
1.472017133521815602e+01 -2.809198811929045428e-02
1.466728746722882448e+01 -2.809198811929045428e-02
1.466728554161523235e+01 -2.809198811929045428e-02
1.466728554166778409e+01 -2.809198811929045428e-02
1.466728554166778409e+01 -2.809198811929045428e-02
1.466728554166778409e+01 -2.809198811929045428e-02
