-2.607948338651823850e+00 4.995263172578385258e-01
-2.094901170470608420e+00 5.428170334186940282e-01
-1.581859387538275596e+00 5.787072932988071017e-01
-1.068817836372699892e+00 6.142202929588792548e-01
-5.557763148961776256e-01 6.502361633466261504e-01
-4.416004039096857459e-02 6.911894114936689704e-01
-2.062411125123547739e-02 8.946132984807866340e-01
2.985834044287574152e-01 1.277512488602162710e+00
6.119265226477632602e-01 1.679390299420469024e+00
9.252552751944351783e-01 2.082486443865132930e+00
1.281050788613188995e+00 2.483106427304838881e+00
1.551912780906063549e+00 2.888679625940967277e+00
