1.000000000000002220e+00
9.971264783087445682e-01
9.864695980039133172e-01
9.523648342409862799e-01
9.711389078573741118e-01
9.474870755619346774e-01
9.350171587714015686e-01
9.570146083516979374e-01
9.708667988504886548e-01
9.652367464691375964e-01
9.723578795097751470e-01
8.928001248024450831e-01
7.502254121844934565e-01
8.319604011374921379e-03
5.558301645975721565e-03
1.160718668085476343e-02
1.148760736479888765e-03
4.059994753264904374e-03
2.269392724617168636e-03
2.414570907850759410e-03
2.384021980269995442e-03
2.428026519734431937e-03
2.319458583708425281e-03
2.180580127167153215e-03
2.021677064677429147e-03
1.825038932988098418e-03
1.716761966834851353e-03
1.601497806555249575e-03
1.585700661804221451e-03
1.544685959786231896e-03
