0.000000000000000000e+00
2.873521691253351842e-03
1.353040199608832386e-02
4.763516575901292904e-02
2.886109214262646064e-02
5.251292443806506588e-02
6.498284122859737666e-02
4.298539164830170872e-02
2.913320114951149092e-02
3.476325353086233416e-02
2.764212049022479398e-02
1.071998751975546671e-01
2.497745878155060162e-01
9.916803959886254516e-01
9.944416983540237398e-01
9.883928133191557386e-01
9.988512392635244819e-01
9.959400052467377584e-01
9.977306072753791000e-01
9.975854290921499778e-01
9.976159780197286775e-01
9.975719734802626082e-01
9.976805414162933650e-01
9.978194198728158604e-01
9.979783229353271778e-01
9.981749610670078710e-01
9.982832380331605471e-01
9.983985021934427273e-01
9.984142993381848186e-01
9.984553140402147031e-01
