3.873949294139634958e+00 1.077038220384491707e+00
3.873974710651122422e+00 1.077010045406407324e+00
3.873975407406479832e+00 1.077009273033533443e+00
3.873970752671326068e+00 1.077009240922421007e+00
3.257357041495417604e+00 1.077009245148655925e+00
-2.449718459313212193e+00 1.077009238457019791e+00
-9.116367765022092229e+00 1.077009243195313548e+00
-9.623306861739090223e+00 1.077009239330340318e+00
-9.626086173719153649e+00 1.077009217647153516e+00
-9.597731219538331970e+00 -4.957056806699977614e-02
-9.588692440884734935e+00 -2.165962896587969588e-01
-9.589176379094624281e+00 -2.082054001452364744e-01
