-3.508936284347965451e+00 -8.534290012747638987e-02
-2.801582680190162655e+00 -6.965075474231381680e-02
-2.266202665821991591e+00 -7.510452670998167546e-03
-1.730817519042451069e+00 2.573435631497613188e-02
-1.195435241268277826e+00 5.891672889176820249e-02
-6.600530195239097120e-01 9.244590569069635611e-02
-1.250410699725490460e-01 1.282784230903814271e-01
-5.420243679422293015e-02 2.933625569828889335e-01
3.044031328058604546e-01 6.709068895283321066e-01
6.558852966193791101e-01 1.069674819415211475e+00
1.007357812238136807e+00 1.469285136541895076e+00
1.358830325039497300e+00 1.867954553613758062e+00
