2.879178861800696154e+00 2.573151241082379803e-01
2.886142507416515457e+00 2.480669279766241075e-01
2.878225117995750537e+00 2.524831924747831247e-01
-2.802853312340438663e-01 -1.114941329458812858e-01
-5.970261416162955470e+00 -2.601683436996284904e-01
-7.183565479174344404e+00 -1.251020450173092602e-01
-7.186534820725150041e+00 -1.148627223274519826e-01
-7.186180181342692208e+00 -1.018862061884587833e-01
-7.185767429055523792e+00 -8.710841529430224384e-02
-7.185312819018012220e+00 -7.120756642887426935e-02
-7.184785879814295839e+00 -5.323480531035995611e-02
-7.195042981256872139e+00 -7.624079415531003212e-01
