-1.999999999911517001e-01 -6.095276046137435011e-02
-1.999999999928380179e-01 -6.536365631822745048e-02
-1.999999999301449449e-01 -7.001440474921905022e-02
-1.160370375458875808e-01 -7.203257355016365326e-02
1.999999999985445087e-01 -6.784075942803191595e-02
1.999999999930258676e-01 -5.904721112658162241e-02
1.999999999939409134e-01 -5.219050694847715555e-02
1.999999999435624343e-01 -4.660202107133093463e-02
1.999999997150372355e-01 -4.228795617439318200e-02
1.999999999499157965e-01 -3.906189685537730938e-02
1.999994686293011803e-01 -3.667974897474080009e-02
3.491068862781299131e-02 -4.642389212899766804e-02
