-1.731442590566391271e+00 8.624932690066930419e-02
-1.194457004079826357e+00 6.763821189976586268e-02
-6.574716833663898363e-01 4.902753563508190082e-02
-1.252796512681214336e-01 4.308099317140243883e-02
3.172262655154198252e-01 2.862036306625205806e-01
7.196156624210842123e-01 6.415235769354918904e-01
1.121718701567398169e+00 9.979123614825244903e-01
1.523821743516873273e+00 1.354301246481568466e+00
1.925924785466376798e+00 1.710690131480662624e+00
2.328027827415880768e+00 2.067079016479757669e+00
2.730130869365383628e+00 2.423467901478851605e+00
3.132233911314886043e+00 2.779856786477945541e+00
