9.999999999999511502e-01
9.924934611532103546e-01
8.939685240236625585e-01
8.961304923414896706e-01
9.492475041824250948e-01
9.906763421525865976e-01
9.979428137634671625e-01
9.912422238210024661e-01
7.936051883152620556e-01
9.712475848211020724e-01
9.890703044734029392e-01
9.912388240571466946e-01
9.708292860868859009e-01
7.255115593943063379e-01
5.889701667480867764e-01
6.458131606299803984e-01
3.139087444478510514e-01
2.759044405907195019e-01
2.501804329623995571e-01
2.186916963913200229e-01
2.264794003674504841e-01
2.367828903933663631e-01
2.391923927657163829e-01
2.346137032793813582e-01
2.309575152371581286e-01
2.307134869881617145e-01
2.320526021982072806e-01
2.351077305972879283e-01
2.389723392862338203e-01
2.418529104550040110e-01
