1.534731335794566220e+01 -1.683913101179684499e-02
1.533168339379185241e+01 -8.459823400748085970e-04
1.533089652492754418e+01 -4.171089395020207005e-05
1.533085727435198997e+01 -1.594453237060391149e-06
1.533085571919175116e+01 -3.763544710643389791e-08
1.535232007721052305e+01 -2.690312076348326968e-08
1.826930887772043732e+01 -7.079313729491389285e-10
1.909083670365470553e+01 -2.172042791787051850e-09
2.134789252801232706e+01 -8.204694097689206221e-09
2.144808490348348684e+01 -5.072251859793144533e-08
2.144842963295854332e+01 2.436068114480853738e-07
2.144837623779870839e+01 4.789253375526456025e-02
