-2.839908235436307660e+00 6.052535578203595973e-02
-2.352792119604991239e+00 5.995386956919229043e-02
-1.865675940732764326e+00 7.734317760441797307e-02
-1.378560821026225680e+00 9.618656715505249921e-02
-8.914457925961815077e-01 1.148742810538615211e-01
-4.043321495331893001e-01 1.343189395031625655e-01
-1.123613288905744856e-02 1.695930080709958099e-01
4.026693558946298213e-02 4.195695365812041056e-01
3.344234777793099189e-01 7.928966395169548820e-01
6.260025179541821583e-01 1.178348362393296878e+00
9.175760065616287431e-01 1.564577683945283182e+00
1.209149496012121849e+00 1.951238692060160540e+00
