-3.039905905755746929e+00 -2.300905884040711953e-03
-2.552790877433964489e+00 1.322036230408011465e-02
-2.065675849112183826e+00 2.874163049220091956e-02
-1.578560820790401609e+00 4.426289868032172448e-02
-1.091445792468795473e+00 5.978416686859353013e-02
-6.043321492615176815e-01 7.530741531103658792e-02
-1.242528071563196584e-01 1.051506849523568959e-01
2.402669355474603419e-01 3.641918197028738424e-01
5.344234773948662864e-01 7.498298883069238752e-01
8.260025175974189393e-01 1.140332718937432155e+00
1.117576006533439026e+00 1.530853982072574393e+00
1.409149495856174550e+00 1.921375250260611622e+00
