-2.502921608664761433e+00 -6.506015118722482393e-01
-2.009582189746615288e+00 -6.714284519489858161e-01
-1.516242876570121023e+00 -6.918019635576879711e-01
-1.022903563359794710e+00 -7.119503505705462310e-01
-5.295642931444346502e-01 -7.318102078072771244e-01
-3.755561705998219924e-02 -7.500858128827191385e-01
-1.308559497139435979e-02 -5.993791572417551672e-01
3.376858163058753526e-01 -2.664878344561573131e-01
6.854130362832798751e-01 7.718270838198920680e-02
1.033138318796296584e+00 4.221233556626610706e-01
1.380863601149096676e+00 7.681151988692518362e-01
1.728588883755964423e+00 1.115273345066697841e+00
