-1.999998942533744994e-01 -5.703301476768896094e-02
-1.999999999851991284e-01 -6.041166689756427566e-02
-1.999999999753736546e-01 -6.424374749547556718e-02
-1.999999999993802291e-01 -6.830095268922986573e-02
-1.999999999982212673e-01 -7.264662663549970034e-02
-1.999999999993312128e-01 -7.546659138791378396e-02
1.999999999995189515e-01 -7.217271125689916911e-02
1.999999999984918286e-01 -6.291151116961873901e-02
1.999999999930762717e-01 -5.580196777239380262e-02
1.999999998341761565e-01 -4.994820782649289637e-02
1.999999999820003538e-01 -4.514564323969727511e-02
1.999999998757573394e-01 -4.150938164375639339e-02
