1.973357252745282153e+01 -9.682236882645268716e-01
1.973357252745282153e+01 -9.682236882645268716e-01
1.973357252745282153e+01 -9.682236882645268716e-01
1.973357252745232060e+01 -9.682236882645268716e-01
1.973354832052826424e+01 -9.682236882645268716e-01
1.937036781601512914e+01 -9.682236882645268716e-01
1.452550813254521245e+01 -9.682236882645268716e-01
1.390982156503540423e+01 -9.682236882645268716e-01
1.390901123998805566e+01 -9.682236882645268716e-01
1.390901130002478325e+01 -9.682236882645268716e-01
1.390901130002498753e+01 -9.682236882645268716e-01
1.390901130002498753e+01 -9.682236882645268716e-01
