-2.702921502918135932e+00 -7.076345266399372003e-01
-2.209582189731814417e+00 -7.318401188465500917e-01
-1.716242876545494678e+00 -7.560457110531635383e-01
-1.222903563359174939e+00 -7.802513032597760967e-01
-7.295642931426559175e-01 -8.044568344427768247e-01
-2.375556170593134120e-01 -8.255524042706329224e-01
1.869144050281245917e-01 -6.715518684986543363e-01
5.376858163043671812e-01 -3.293993456257760521e-01
8.854130362763561468e-01 2.138074060959540418e-02
1.233138318630472741e+00 3.721751478361681742e-01
1.580863601131097029e+00 7.229695556295545611e-01
1.928588883631721762e+00 1.073763963422941448e+00
