nan
nan
7.988688000991498228e+00
3.747036959970142966e+00
6.248056735979585774e+00
6.670779993427167653e+00
7.821755174629336338e+00
8.815896545523022709e+00
4.981840393845615722e-01
3.529070987511152779e+00
8.094008764052148308e+00
3.905436503719068142e+00
3.682913694495619339e+00
1.046223027076971945e+01
7.775746159480316777e+00
4.178508514299132948e+00
3.136494572503329969e+00
4.517746884366955484e-01
-1.007486959558978157e+00
-1.394142304567419721e+00
-4.892451089079062676e+00
-5.323378909937655834e+00
-4.587372047962434252e+00
-5.196830840422494546e+00
-3.679097551944871647e+00
-1.700818118414757274e+00
-2.231184997354181299e+00
-5.113922744449329372e+00
-4.448285627326223235e+00
-4.720067905363151795e+00
