nan
nan
1.311710239059909711e+01
9.413989463652001177e+00
1.208998259947387055e+01
1.310419701022651040e+01
1.250298446433379773e+01
9.534965966845280860e+00
5.876205911942237847e+00
4.775678112001170206e+00
4.234569724491952236e+00
6.511252973640230479e+00
3.222271767425322508e+00
1.315700637777110060e+01
1.160059521176689046e+01
-1.496146163034728360e+00
2.550367203213358636e+00
2.056904420708112724e+01
2.138465057565593241e+01
2.320799317565370146e+01
1.853831838350264505e+01
1.822824842732012485e+01
2.567479779913621485e+01
1.920707526229869444e+01
9.160739674320584669e+00
2.225149139671867005e+00
2.814076205780974504e+00
1.027853000484867252e+01
1.509079534501890407e+01
1.174790601185182126e+01
