2.611808704917649138e+01
2.898528405373931705e+01
3.574278157549087354e+01
3.586041038200659870e+01
3.105067760381315622e+01
2.609945004560527693e+01
2.799390596214557547e+01
4.107600940447951388e+01
3.493840742847479675e+01
1.552091438856279026e+01
1.309557156643375109e+01
1.416232159740278895e+01
1.481981818912225890e+01
1.632916805306849994e+01
1.543635632886318731e+01
1.341362396038817906e+01
1.563802832714621438e+01
2.012057490681960559e+01
2.008701026187926075e+01
2.023896551800040555e+01
1.928981376539306680e+01
1.482459609743665396e+01
1.694877706825257491e+01
1.958957454703230638e+01
1.826709323189747991e+01
1.860639097239518236e+01
1.670767272885547783e+01
1.609133797687381673e+01
1.852945710443230709e+01
2.010380306052900679e+01
