1.000000000000004663e+00
9.975915809414990232e-01
9.734854867371331988e-01
9.734977745191084608e-01
8.426266812111700144e-01
9.235418253877608619e-01
9.992379611625600289e-01
9.947766478225437137e-01
9.943206422901066377e-01
9.553840038625309727e-01
8.439345009191147051e-01
7.320223349589655149e-01
5.433642539881290423e-01
3.199573074459142186e-01
3.380333017906781423e-01
3.867018877613154215e-01
2.664096768191299702e-01
1.091585396113027295e-01
6.349388241281113399e-02
7.129797809851258494e-02
6.862251079694699218e-02
4.824866084206809458e-02
4.619514998376141740e-02
4.637194359401369814e-02
4.718731516618627359e-02
4.958010675738604156e-02
5.258881841522814599e-02
5.281134043545270690e-02
5.112053729328665946e-02
5.135746898854606779e-02
