0.000000000000000000e+00
9.787862464715958895e-04
2.677095639558080102e-03
1.877039702793306458e-03
7.817064110181879549e-03
4.342073766867846248e-03
2.197261060882117756e-03
1.391103007676990078e-02
4.421120527344966911e-03
4.726503961382206437e-03
1.948577246507690250e-02
1.147960289780852391e-02
2.066519431022640838e-02
1.310564042995480613e-02
6.059647665158734986e-02
3.189185404772146848e-01
6.226231669209396635e-01
4.590251547715334945e-01
3.538472563823947814e-01
3.453090278312231920e-01
3.705907544345252158e-01
3.756091684176963708e-01
3.642115116422243171e-01
3.579047210669908941e-01
3.526325586753260022e-01
3.462438655159470469e-01
3.411949027093975073e-01
3.397231013392555954e-01
3.399224343330156106e-01
3.382564706482059647e-01
