1.000000000000006439e+00
9.990212137535106063e-01
9.973229043604665556e-01
9.981229602972092607e-01
9.921829358898195395e-01
9.956579262331315405e-01
9.978027389391159740e-01
9.860889699232284755e-01
9.955788794726549984e-01
9.952734960386180330e-01
9.805142275349230108e-01
9.885203971021915281e-01
9.793348056897731579e-01
9.868943595700450100e-01
9.394035233484118175e-01
6.810814595227850932e-01
3.773768330790613357e-01
5.409748452284679487e-01
6.461527436176066619e-01
6.546909721687745876e-01
6.294092455654745066e-01
6.243908315823039068e-01
6.357884883577763491e-01
6.420952789330088839e-01
6.473674413246733872e-01
6.537561344840532307e-01
6.588050972906016600e-01
6.602768986607435719e-01
6.600775656669870539e-01
6.617435293517948125e-01
