1.678787028564945771e+01 -2.993758051320580260e-01
1.746229788159769569e+01 -1.107228745103545187e+00
1.744917207803388592e+01 -1.090746452893626373e+00
1.743270487728754858e+01 -1.070113384958100156e+00
1.742205375341468354e+01 -1.056794362146572519e+00
1.742183686817881849e+01 -1.056494026317551072e+00
1.823715465904492561e+01 -8.890425883192097922e-01
1.866924420605222323e+01 -4.201707803330506086e-01
2.216927144690047058e+01 -6.232184374216346301e-01
2.230506410274753293e+01 -6.486040052076942342e-01
2.230482435428622878e+01 -6.601143334909710392e-01
2.230441194814782691e+01 -6.739051074548998432e-01
