-3.392680089863327808e+00 -1.085966512717140564e-01
-2.881959521368458343e+00 -1.280282928739873982e-01
-2.371238952873590211e+00 -1.474599344762607400e-01
-1.860518384378724743e+00 -1.668915760785339986e-01
-1.349797815883857499e+00 -1.863232176808071738e-01
-8.390772488525913841e-01 -2.057548574114310691e-01
-3.286722371469606441e-01 -2.244908423509245354e-01
1.331223305740399654e-01 -1.157333799730068391e-01
5.059610640621761135e-01 2.240592632318727517e-01
8.730954899359353316e-01 5.795993993125123644e-01
1.240225208366849685e+00 9.351677568876666236e-01
1.607354926975176346e+00 1.290736115285393337e+00
