0.000000000000000000e+00
4.297127307063100293e-04
3.237417873414027113e-03
2.197585935016817954e-02
4.056907616928438071e-02
3.668974839379988973e-02
5.085286094282943925e-02
4.487628414794493648e-02
9.959326104559381235e-03
1.549046964696946388e-02
1.984173073440778298e-02
3.324692687433183913e-02
1.019431627534629209e-01
2.189216709684562445e-01
3.615864048365189376e-01
4.165919748501029085e-01
6.009845691481294772e-01
6.282384303021728567e-01
7.074069002251801574e-01
7.102421804065370825e-01
7.106693412356682726e-01
7.166674196883244807e-01
7.129341469675456455e-01
7.114965169535832912e-01
7.121221823109400439e-01
7.171387270538295278e-01
7.053370177428395227e-01
6.946098601842219944e-01
6.866340308552993932e-01
6.789950427526731946e-01
