1.451761859829958290e+01 -3.029763641490272261e-02
1.467283009615339218e+01 -1.823991284204703744e-01
1.465017282189132253e+01 -1.599974761209665974e-01
1.462058141763735009e+01 -1.308427397428920669e-01
1.459812538595164355e+01 -1.087954202533297915e-01
1.458908545294610803e+01 -9.992435662560944509e-02
1.503975049210954573e+01 -2.527783094204699389e-08
1.545304697113478021e+01 -5.294454717363656261e-09
1.965816180643100353e+01 -6.631832262232940539e-09
2.081779704258991259e+01 -6.541470024638740946e-08
2.085301948790542781e+01 -2.744301726715981483e-08
2.085313494836062276e+01 8.293100911300183052e-07
