-3.177451632507733326e+00 2.127213429128246014e-01
-2.560086849713157253e+00 2.685111658148285896e-01
-2.089278435542353485e+00 2.796477557591376950e-01
-1.618470050526467308e+00 2.926159496749842770e-01
-1.147661666404240277e+00 3.062651708444121268e-01
-6.768532828499127518e-01 3.206510981041710284e-01
-2.061520232596040503e-01 3.363900286414939211e-01
-1.574525297245340794e-01 4.189474194992908185e-01
1.312311588095214088e-01 7.380353173568371394e-01
4.015309314725756806e-01 1.114083836145615347e+00
6.712102125246875994e-01 1.495811767549170668e+00
9.408886454165208413e-01 1.877465077757256129e+00
