0.000000000000000000e+00
7.363594054257802026e-04
1.363156786287973016e-02
3.062228813219916579e-02
8.649176803432526844e-03
8.225476264440940294e-03
2.276707468090081316e-02
2.585001160698562062e-02
1.042619541682172912e-02
1.456864990740899118e-02
2.991330857940931523e-02
8.282622660185298691e-02
2.180761881625035425e-01
5.051382641589721167e-01
5.338391487320252038e-01
8.899867227015764160e-01
9.154417448604359464e-01
9.045644647017441198e-01
8.754905586178779453e-01
8.732063817482154100e-01
8.821530395887877685e-01
8.718401254175106585e-01
8.662168039723336932e-01
8.698139563522213624e-01
8.662841058228915037e-01
8.627253440188409339e-01
8.634898604208588457e-01
8.604656905886975959e-01
8.613656621730449992e-01
8.649598873450299319e-01
