-2.892540814769271940e+00 1.262812506755247866e-01
-2.402869930265615572e+00 1.276654156319187994e-01
-1.913201618193250075e+00 1.290509766390668112e-01
-1.423533320238846267e+00 1.306165855955176980e-01
-9.338650225349142131e-01 1.327043917119901106e-01
-4.441972007969629543e-01 1.354931353223277068e-01
1.541450833425800360e-02 1.464987880992219549e-01
2.930309994564686549e-02 3.641235678178789126e-01
3.480926246504729704e-01 7.207405838076977878e-01
6.645503630445849241e-01 1.088813922300893244e+00
9.810055096221277360e-01 1.457538122001333702e+00
1.297460656087290110e+00 1.827302732555491804e+00
