-1.999973985831160483e-01 -4.861016948783952740e-02
-1.999999853820040308e-01 -5.131942527208303850e-02
-1.999999997495993664e-01 -5.403007710708060407e-02
-1.999999999992354560e-01 -5.692077689138111407e-02
-1.999999999984279908e-01 -6.033367383567826703e-02
-1.999999999988076316e-01 -6.444681825666730146e-02
-1.742011299580637496e-01 -6.749763890793840371e-02
1.999999997594482104e-01 -6.144033441932578166e-02
1.999999999552847241e-01 -4.968229689596459497e-02
1.999999997727621714e-01 -4.409301606283366759e-02
1.999999997043797606e-01 -3.914230787036165893e-02
1.999999999788450999e-01 -3.523200925237368608e-02
