1.688042244749964738e+01 -3.974398095886591542e-01
1.802758942139841736e+01 -1.839853884773168025e+00
1.800450704559500181e+01 -1.808292295318397525e+00
1.798852285653749661e+01 -1.786504188502413326e+00
1.797803746943326075e+01 -1.772241502495983223e+00
1.797491441995076755e+01 -1.767998095784464763e+00
1.800503578480687494e+01 -1.770585289790118866e+00
1.920105546395975438e+01 -1.441971232344340104e+00
2.151466065733425026e+01 -1.382143268066320152e+00
2.226832634988389614e+01 -1.486862205911151147e+00
2.226982600128976486e+01 -1.496086100603755353e+00
2.226894348484058384e+01 -1.509166057684814710e+00
