-3.600781542640122623e+00 4.569831684326897681e-01
-2.908283439299453210e+00 5.014525577350277263e-01
-2.398569840501455719e+00 4.636359921394256345e-01
-1.888856456587850063e+00 4.291406614293064581e-01
-1.379143141428450736e+00 3.943876784353822496e-01
-8.694298263936380833e-01 3.596749226315593684e-01
-3.597195791339621307e-01 3.248017433429599699e-01
-6.402537167749572378e-02 3.138206321990987258e-01
1.523665548209428844e-01 5.638350592210005230e-01
5.382071172087017352e-01 8.899977718698797169e-01
9.239227861309964318e-01 1.218080683585396562e+00
1.309638461225602679e+00 1.547391747470827195e+00
