3.508110153988880597e+00 -1.180902510275905204e+00
2.360943180090110616e+00 2.615115649086037219e-01
2.384025555893526160e+00 2.299499754538332219e-01
2.400009744951031365e+00 2.081618686378490235e-01
2.410495132055267220e+00 1.938991826314189204e-01
2.413618181251639072e+00 1.896557759199004600e-01
2.382051399119465174e+00 1.922429699255545632e-01
-5.568305298093108036e-01 -1.363710875202241990e-01
-6.046188567804140490e+00 -1.961990517982441506e-01
-6.839701224267679791e+00 -9.148011395341315577e-02
-6.841198997003580473e+00 -8.225621926080894930e-02
-6.840316480536095867e+00 -6.917626217974959246e-02
