-3.617996401575756860e+00 4.820686715015563006e-01
-3.108283086538543127e+00 4.426101135049421709e-01
-2.598569771501326731e+00 4.031515555083279856e-01
-2.088856456464116107e+00 3.636929975117142444e-01
-1.579143141426902597e+00 3.242344395151002256e-01
-1.069429826390041027e+00 2.847758815188450865e-01
-5.597195791338446247e-01 2.453230905391195482e-01
-5.953750825148174802e-02 2.332883432376929300e-01
3.523665548208836373e-01 4.871607141605067137e-01
7.382071171934857512e-01 8.220981771912517777e-01
1.123922786117999673e+00 1.157639558891268239e+00
1.509638461225582429e+00 1.493181000894606481e+00
