2.038853260148852797e+01 -1.578342319864564303e+00
2.038853260148852797e+01 -1.578342319864564303e+00
2.038853260148852797e+01 -1.578342319864564303e+00
2.038853260148852797e+01 -1.578342319864564303e+00
2.038853260148852797e+01 -1.578342319864564303e+00
2.038853260120240662e+01 -1.578342319864564303e+00
2.038708718392634012e+01 -1.578342319864564303e+00
1.864422493415044357e+01 -1.578342319864564303e+00
1.546847208953010977e+01 -1.578342319864564303e+00
1.542862512561621635e+01 -1.578342319864564303e+00
1.542862700428618439e+01 -1.578342319864564303e+00
1.542862700430448797e+01 -1.578342319864564303e+00
