-2.855046343787967622e+00 1.509531821815711383e-01
-2.326560940588923820e+00 1.536347795977511532e-01
-1.798075557476297437e+00 1.515420363684240601e-01
-1.269590177941107623e+00 1.499547887440007277e-01
-7.411047985536034499e-01 1.488200447925163150e-01
-2.126901730393165046e-01 1.481953289643105076e-01
-1.194005845767119323e-01 2.306558355831995755e-01
2.688854713222413872e-01 5.640246609427645996e-01
6.465880439325542017e-01 9.264575485124821874e-01
1.024276521724317046e+00 1.290500236018369939e+00
1.401964999895702668e+00 1.655691052671619090e+00
1.779653478037805048e+00 2.021972994388944844e+00
