-3.055046316166797560e+00 1.068964517095652433e-01
-2.526560936752300535e+00 1.015940647646463579e-01
-1.998075557337805508e+00 9.629167781972743090e-02
-1.469590177923308483e+00 9.098929087480855937e-02
-9.411047985533734783e-01 8.568690398073837422e-02
-4.126901730378996769e-01 8.052599111197195070e-02
8.059941520143726335e-02 1.637183272293191161e-01
4.688854713221412007e-01 5.067469832699353915e-01
8.465880439323619777e-01 8.763825054682110594e-01
1.224276521724013467e+00 1.246080116554387107e+00
1.601964999789755595e+00 1.615777729609467528e+00
1.979653477855498833e+00 1.985475342664549059e+00
