1.000000000000000000e+00
9.998954445794996371e-01
9.986782525469868332e-01
9.940564148732637939e-01
9.961207485128562578e-01
9.927775995883894034e-01
9.822697690552382177e-01
9.950284279234117291e-01
9.779616944663993561e-01
9.662155813062065501e-01
9.617829563140776195e-01
9.583519307966212875e-01
9.036769043446133409e-01
3.955934537997242151e-01
2.485361764973333110e-01
8.597365403115533877e-02
4.385394656634349769e-02
2.760380625314864597e-02
3.529650202401368730e-02
3.175500912423428329e-02
2.963696293045153807e-02
3.001880381736652531e-02
3.007963068953876246e-02
3.000180458586734419e-02
3.002370786921200463e-02
3.038442553083329709e-02
3.101518329905057769e-02
3.152233587297718909e-02
3.171580508262786258e-02
3.192922307692774159e-02
