0.000000000000000000e+00
1.045554205001202291e-04
1.321747453013742257e-03
5.943585126735873025e-03
3.879251487144397964e-03
7.222400411610499504e-03
1.773023094476225761e-02
4.971572076587981240e-03
2.203830553360066127e-02
3.378441869379357476e-02
3.821704368592324097e-02
4.164806920337957297e-02
9.632309565538721419e-02
6.044065462002744527e-01
7.514638235026677160e-01
9.140263459688440228e-01
9.561460534336571060e-01
9.723961937468514893e-01
9.647034979759864237e-01
9.682449908757670975e-01
9.703630370695504048e-01
9.699811961826338980e-01
9.699203693104622159e-01
9.699981954141343454e-01
9.699762921307863994e-01
9.696155744691683509e-01
9.689848167009545987e-01
9.684776641270254061e-01
9.682841949173734974e-01
9.680707769230735282e-01
