1.788533557199200530e+01 -6.113020055060678359e-01
1.785925942169742697e+01 -5.789490186038116493e-01
1.783967725910879309e+01 -5.547317854477705756e-01
1.782533974303567348e+01 -5.370431258035003319e-01
1.782144100705517431e+01 -5.322393960912376043e-01
1.815265878623145568e+01 -4.632977746844667011e-01
1.856389829106109701e+01 -1.749746682946750300e-08
2.271978782657653539e+01 -2.248308890457815373e-02
2.295446451854976999e+01 -5.924093211154928679e-02
2.295462655762999660e+01 -7.055514417506504599e-02
2.295458293514242243e+01 -8.355102186293271449e-02
2.295452761694631505e+01 -9.757244710947994559e-02
