-1.999999723788299377e-01 -4.405673047200589498e-02
-1.999999961633767143e-01 -5.204071483310479529e-02
-1.999999998615080710e-01 -5.525035854869662921e-02
-1.999999999822008601e-01 -5.896549786919216829e-02
-1.999999999997700284e-01 -6.313314081177794079e-02
-1.999999999985831722e-01 -6.766933785233855692e-02
1.999999997781491956e-01 -6.693750835388045939e-02
1.999999999998998135e-01 -5.727767767282920808e-02
1.999999999998077760e-01 -5.007504304427112807e-02
1.999999999996964206e-01 -4.442011946398283229e-02
1.999999998940529267e-01 -3.991332306215156223e-02
1.999999998176937854e-01 -3.649765172439578542e-02
