3.254079604587843733e+00 3.992065277093121978e-01
3.280155754882422059e+00 3.668535408070560111e-01
3.299737917471055937e+00 3.426363076510149375e-01
3.314075433544175553e+00 3.249476480067446937e-01
3.317974135985934936e+00 3.201439182944819661e-01
2.958572270890087452e+00 2.512022968877110074e-01
-1.633002577309838443e+00 -2.120954602992888294e-01
-7.607004773544279175e+00 -1.896123888921775191e-01
-7.846925498351662753e+00 -1.528545456852063722e-01
-7.847087435000553057e+00 -1.415403336216906061e-01
-7.847043812512726646e+00 -1.285444559338229653e-01
-7.846988494316619267e+00 -1.145230306872757203e-01
