2.113941517657984903e+01 -2.120954777967556659e-01
2.113941517657984903e+01 -2.120954777967556659e-01
2.113941517657984903e+01 -2.120954777967556659e-01
2.113941517657984903e+01 -2.120954777967556659e-01
2.113941514304110925e+01 -2.120954777967556659e-01
2.111123105712154313e+01 -2.120954777967556659e-01
1.693089571375125857e+01 -2.120954777967556659e-01
1.511278305303225622e+01 -2.120954777967556659e-01
1.510753902019810724e+01 -2.120954777967556659e-01
1.510753912262944354e+01 -2.120954777967556659e-01
1.510753912262969578e+01 -2.120954777967556659e-01
1.510753912262969578e+01 -2.120954777967556659e-01
