0.000000000000000000e+00
6.718104919367390727e-05
2.565946942875015036e-05
5.998921963307993210e-03
1.789152011512350768e-03
1.647799224334139251e-02
9.006857277438990242e-04
1.567346702677535272e-02
3.958109635592360555e-04
9.692550142603813604e-03
9.515359352650694380e-03
2.138868027832478355e-02
9.217049793073986419e-02
2.719309493868930505e-01
2.807871178934117085e-01
3.299934816115993041e-01
4.869843624825365702e-01
5.518779849989252639e-01
7.750100761354025147e-01
8.486790213541834937e-01
8.374636418940739624e-01
7.516569062226863274e-01
7.280540521123339825e-01
7.281413537490493137e-01
7.284528146583841846e-01
7.282919100560775183e-01
7.286169353925930903e-01
7.294165795089134763e-01
7.235048765449454411e-01
7.138074647360003189e-01
