1.000000000000005329e+00
9.999328189508113196e-01
9.999743405305907551e-01
9.940010780366937970e-01
9.982108479884900243e-01
9.835220077566495522e-01
9.990993142722526255e-01
9.843265329732217017e-01
9.996041890364397720e-01
9.903074498573963824e-01
9.904846406473495346e-01
9.786113197216738113e-01
9.078295020692594974e-01
7.280690506131060058e-01
7.192128821065879585e-01
6.700065183884003073e-01
5.130156375174633743e-01
4.481220150010750136e-01
2.249899238645985122e-01
1.513209786458160067e-01
1.625363581059263152e-01
2.483430937773108971e-01
2.719459478876630198e-01
2.718586462509497981e-01
2.715471853416182579e-01
2.717080899439220931e-01
2.713830646074065212e-01
2.705834204910876339e-01
2.764951234550563353e-01
2.861925352639999032e-01
