-1.855646714275849263e-02 1.309540741778997264e-02
-1.999997054402458119e-01 -5.667495548637724312e-02
-1.999999926758260216e-01 -6.069103141478110475e-02
-1.999999999130241957e-01 -6.365779857996026192e-02
-1.999999999462402922e-01 -6.728197779520597721e-02
-1.999999999968791187e-01 -7.124133348641059627e-02
-1.999999999656002503e-01 -7.554471723178296516e-02
-3.116417975629637294e-02 -7.627584740592943668e-02
1.999999999998418876e-01 -6.917532090568101477e-02
1.999999999987371879e-01 -6.010046258889689685e-02
1.999999999873629530e-01 -5.373157681036988542e-02
1.999999999998756106e-01 -4.837649565971324783e-02
