1.884228592835163241e+01 -1.026599363009633059e+00
1.884228592835163241e+01 -1.026599363009633059e+00
1.884228592835163241e+01 -1.026599363009633059e+00
1.884228592835163241e+01 -1.026599363009633059e+00
1.884228592835163241e+01 -1.026599363009633059e+00
1.884228592526165258e+01 -1.026599363009633059e+00
1.883969137796673010e+01 -1.026599363009633059e+00
1.702788799955848020e+01 -1.026599363009633059e+00
1.286343111242307202e+01 -1.026599363009633059e+00
1.268199962116758428e+01 -1.026599363009633059e+00
1.268186576227230411e+01 -1.026599363009633059e+00
1.268186578923148389e+01 -1.026599363009633059e+00
